-------------------- 1 --------------------
1. Eigenvalue: 3.872983346207417
   Eigenvector: [0.25819889 0.25819889 0.25819889 0.25819889 0.25819889 0.25819889
 0.25819889 0.25819889 0.25819889 0.25819889 0.25819889 0.25819889
 0.25819889 0.25819889 0.25819889]
   Error: 0.999999999787868

2. Eigenvalue: 18257419605.917515
   Eigenvector: [ 4.91263284e-08  5.43159348e-08  0.00000000e+00  7.07106781e-01
 -1.13137079e-10  5.66372087e-08  2.25487144e-07  2.47173030e-07
 -1.27430520e-09  1.41421348e-11  5.43068032e-08  2.73198591e-10
 -7.73700881e-11 -1.52403579e-11  7.07106781e-01]
   Error: 0.6348516078816305

3. Eigenvalue: 49999999999.997375
   Eigenvector: [ 1.18816334e-08  1.47038816e-08 -9.47840675e-18  7.07106781e-01
 -2.82842850e-11  1.37620301e-08  9.50922013e-09  1.49228294e-08
 -3.03374379e-10  0.00000000e+00  1.46944771e-08  8.31610247e-11
 -1.52372582e-11 -1.45704207e-11  7.07106781e-01]
   Error: 5.3710937499999934e-14

-------------------- 2 --------------------
1. Eigenvalue: 3.872983346207417
   Eigenvector: [0.25819889 0.25819889 0.25819889 0.25819889 0.25819889 0.25819889
 0.25819889 0.25819889 0.25819889 0.25819889 0.25819889 0.25819889
 0.25819889 0.25819889 0.25819889]
   Error: 0.9993513451027458

2. Eigenvalue: 5970.79180717247
   Eigenvector: [ 1.13886420e-01  1.21125305e-01  1.51271398e-12 -2.32367791e-05
 -2.59461949e-04  1.31103254e-01  6.60413594e-01  7.10171513e-01
 -2.96672468e-03  4.32436598e-05  1.21126139e-01  5.81094812e-04
 -1.89989057e-04 -2.04849859e-06  2.32031573e-05]
   Error: 1.01062129645393

3. Eigenvalue: -562152.8250407822
   Eigenvector: [ 1.18662681e-03  1.48258062e-03 -2.44330105e-06 -6.88420253e-01
 -3.30484187e-06  1.61279438e-03 -1.11899691e-01 -4.63310747e-02
  1.93593863e-01  2.69093014e-18  1.48531453e-03  8.32124299e-06
  6.52699620e-07  2.46273927e-06  6.88420256e-01]
   Error: 1.0000346448549797

4. Eigenvalue: 16226156102.293047
   Eigenvector: [-1.82553724e-09 -3.74745346e-09  2.16825616e-11 -7.07106781e-01
  9.39615311e-12 -4.81402505e-09  1.78825990e-06  8.72074211e-07
 -2.79810088e-06 -1.50577933e-16 -3.80278635e-09 -3.80204486e-12
 -5.20893242e-11  9.54753453e-12  7.07106781e-01]
   Error: 0.02642673956363737

5. Eigenvalue: 16666599999.90177
   Eigenvector: [-3.10218396e-11  2.39809592e-12 -3.27507410e-16 -7.07106781e-01
 -1.58769177e-16  3.54647945e-11 -5.68881013e-11 -4.95959502e-11
  1.13158379e-10  1.30095890e-21  2.10190997e-12  3.07475177e-11
 -2.33465508e-11  3.07469042e-11  7.07106781e-01]
   Error: 5.894188615816961e-12

6. Eigenvalue: 16666600000.000006
   Eigenvector: [-3.10562564e-11  2.33345929e-12  1.31785985e-20 -7.07106781e-01
  5.96639312e-21  3.53837630e-11 -3.07158137e-11 -3.69106295e-11
  7.20399896e-11 -1.96505232e-26  2.03647320e-12  3.07469643e-11
 -2.33469633e-11  3.07465825e-11  7.07106781e-01]
   Error: 2.288827514685058e-16

-------------------- 3 --------------------
1. Eigenvalue: 3.872983346207417
   Eigenvector: [0.25819889 0.25819889 0.25819889 0.25819889 0.25819889 0.25819889
 0.25819889 0.25819889 0.25819889 0.25819889 0.25819889 0.25819889
 0.25819889 0.25819889 0.25819889]
   Error: 0.9993513451023961

2. Eigenvalue: 5970.791803953227
   Eigenvector: [ 1.13886420e-01  1.21125305e-01  1.51271398e-12 -1.68412128e-08
 -2.59461949e-04  1.31103254e-01  6.60413595e-01  7.10171514e-01
 -2.96672469e-03  4.32436598e-05  1.21126139e-01  5.81094812e-04
 -1.89989057e-04 -2.04849859e-06 -1.68187313e-08]
   Error: 1.0465081550454414

3. Eigenvalue: -128381.60959340118
   Eigenvector: [ 5.19595938e-03  6.49187127e-03 -1.06986397e-05  5.42897462e-09
 -1.44711240e-05  7.06204650e-03 -4.89982388e-01 -2.02872862e-01
  8.47701920e-01  1.17829492e-17  6.50384240e-03  3.64366317e-05
  2.85811741e-06  1.07836240e-05  5.31056944e-09]
   Error: 0.4737302932856974

4. Eigenvalue: -243946.41750317588
   Eigenvector: [-5.22650833e-04 -1.09214267e-03  6.31514570e-06 -6.37578936e-09
  2.73667277e-06 -1.41241260e-03  5.20847861e-01  2.54006372e-01
 -8.14980723e-01 -4.38565151e-11 -1.10817213e-03 -1.00625577e-05
 -8.37134471e-06 -6.17432013e-06 -6.25682026e-09]
   Error: 0.0021822111630620277

5. Eigenvalue: -244479.92432317848
   Eigenvector: [ 6.83346373e-04  1.28336155e-03 -6.50292641e-06  6.33823356e-09
 -3.15248315e-06  1.60888279e-03 -5.19651170e-01 -2.51867237e-01
  8.16406250e-01  2.58309377e-11  1.29924807e-03  1.09884484e-05
  8.18914228e-06  6.38903593e-06  6.21927886e-09]
   Error: 3.756817432376719e-06

6. Eigenvalue: -244480.84279307057
   Eigenvector: [-6.76929385e-04 -1.27567607e-03  6.49508828e-06 -6.33978371e-09
  3.13580216e-06 -1.60101634e-03  5.19700240e-01  2.51956538e-01
 -8.16347504e-01 -2.65989201e-11 -1.29156835e-03 -1.09512814e-05
 -8.19629342e-06 -6.37987518e-06 -6.22082836e-09]
   Error: 6.456757007617367e-09

7. Eigenvalue: -244480.84437162397
   Eigenvector: [ 6.77193733e-04  1.27599308e-03 -6.49541393e-06  6.33971948e-09
 -3.13648939e-06  1.60134066e-03 -5.19698216e-01 -2.51952827e-01
  8.16349935e-01  2.65668597e-11  1.29188512e-03  1.09528146e-05
  8.19600083e-06  6.38025847e-06  6.22076416e-09]
   Error: 1.1098654081002582e-11

8. Eigenvalue: -244480.84437433738
   Eigenvector: [-6.77182783e-04 -1.27597994e-03  6.49540042e-06 -6.33972214e-09
  3.13646093e-06 -1.60132722e-03  5.19698300e-01  2.51952981e-01
 -8.16349835e-01 -2.65681916e-11 -1.29187200e-03 -1.09527510e-05
 -8.19601292e-06 -6.38024252e-06 -6.22076682e-09]
   Error: 1.89279002797256e-14

-------------------- 4 --------------------
1. Eigenvalue: 3.872983346207417
   Eigenvector: [0.25819889 0.25819889 0.25819889 0.25819889 0.25819889 0.25819889
 0.25819889 0.25819889 0.25819889 0.25819889 0.25819889 0.25819889
 0.25819889 0.25819889 0.25819889]
   Error: 0.9992384329382935

2. Eigenvalue: 5085.544715561804
   Eigenvector: [ 1.34127359e-01  1.42994691e-01 -3.99582242e-06 -1.58727296e-08
 -3.06556294e-04  1.54909661e-01  4.55665938e-01  6.78796164e-01
  4.98716865e-01  5.07711538e-05  1.43005447e-01  6.88984596e-04
 -2.18018686e-04  1.51989844e-06 -1.59195134e-08]
   Error: 0.4898850787784635

3. Eigenvalue: 9969.409840793925
   Eigenvector: [ 6.83425434e-02  7.89021593e-02 -6.37645045e-05 -1.35598525e-08
 -1.71474467e-04  8.26145246e-02  4.32074161e-01  7.33708970e-01
  5.01044087e-01 -4.00808316e-10  7.88434044e-02  3.85657579e-04
 -8.04331734e-05  6.67866732e-05 -1.35554730e-08]
   Error: 0.01559116456717152

4. Eigenvalue: 10127.306340571942
   Eigenvector: [ 5.62782586e-02  6.69501801e-02 -6.56382888e-05 -1.31440719e-08
 -1.45595057e-04  6.87988584e-02  4.19373677e-01  7.48173234e-01
  4.97497651e-01 -6.29629462e-09  6.69001152e-02  3.24185623e-04
 -6.38655582e-05  7.49863998e-05 -1.31388896e-08]
   Error: 0.000798544354957335

5. Eigenvalue: 10135.399906952875
   Eigenvector: [ 5.41419604e-02  6.48412677e-02 -6.61098019e-05 -1.30755537e-08
 -1.40741788e-04  6.63693643e-02  4.13962479e-01  7.53172054e-01
  4.95608789e-01 -6.47614197e-09  6.47926233e-02  3.13571930e-04
 -6.03522840e-05  7.72428765e-05 -1.30701118e-08]
   Error: 7.007211698206613e-05

6. Eigenvalue: 10136.110165650145
   Eigenvector: [ 5.37840762e-02  6.44977609e-02 -6.62508352e-05 -1.30668584e-08
 -1.39824815e-04  6.59846476e-02  4.11705972e-01  7.55080666e-01
  4.94763463e-01 -6.52220632e-09  6.44492297e-02  3.11943237e-04
 -5.95359620e-05  7.79708458e-05 -1.30613231e-08]
   Error: 9.71840502421764e-06

7. Eigenvalue: 10136.208673431443
   Eigenvector: [ 5.37333778e-02  6.44539945e-02 -6.62992660e-05 -1.30669299e-08
 -1.39648105e-04  6.59412398e-02  4.10768688e-01  7.55842316e-01
  4.94402112e-01 -6.53605675e-09  6.44054179e-02  3.11782946e-04
 -5.93172889e-05  7.82343270e-05 -1.30613585e-08]
   Error: 1.5895897128559454e-06

8. Eigenvalue: 10136.22478587009
   Eigenvector: [ 5.37304762e-02  6.44541715e-02 -6.63174827e-05 -1.30676431e-08
 -1.39612631e-04  6.59448279e-02  4.10379857e-01  7.56152595e-01
  4.94250335e-01 -6.54082436e-09  6.44055586e-02  3.11812122e-04
 -5.92489270e-05  7.83364470e-05 -1.30620573e-08]
   Error: 2.703320132795001e-07

9. Eigenvalue: 10136.227526016884
   Eigenvector: [ 5.37326361e-02  6.44576471e-02 -6.63246889e-05 -1.30680658e-08
 -1.39604943e-04  6.59503245e-02  4.10218632e-01  7.56280202e-01
  4.94187058e-01 -6.54261978e-09  6.44090159e-02  3.11841973e-04
 -5.92247317e-05  7.83774589e-05 -1.30624740e-08]
   Error: 4.6348028499541845e-08

10. Eigenvalue: 10136.227995811068
   Eigenvector: [ 5.37341558e-02  6.44597196e-02 -6.63276119e-05 -1.30682646e-08
 -1.39603059e-04  6.59533476e-02  4.10151795e-01  7.56332909e-01
  4.94160762e-01 -6.54333041e-09  6.44110802e-02  3.11857645e-04
 -5.92154721e-05  7.83942137e-05 -1.30626704e-08]
   Error: 7.959342746061344e-09

11. Eigenvalue: 10136.228076488782
   Eigenvector: [ 5.37349017e-02  6.44606960e-02 -6.63288116e-05 -1.30683513e-08
 -1.39602521e-04  6.59547390e-02  4.10124090e-01  7.56354721e-01
  4.94149850e-01 -6.54361873e-09  6.44120531e-02  3.11864753e-04
 -5.92117769e-05  7.84011131e-05 -1.30627562e-08]
   Error: 1.367308196141489e-09

12. Eigenvalue: 10136.22809034813
   Eigenvector: [ 5.37352324e-02  6.44611225e-02 -6.63293067e-05 -1.30683881e-08
 -1.39602342e-04  6.59553414e-02  4.10112607e-01  7.56363756e-01
  4.94145325e-01 -6.54373707e-09  6.44124781e-02  3.11867813e-04
 -5.92102718e-05  7.84039643e-05 -1.30627925e-08]
   Error: 2.349006134980484e-10

13. Eigenvalue: 10136.228092729136
   Eigenvector: [ 5.37353735e-02  6.44613033e-02 -6.63295114e-05 -1.30684035e-08
 -1.39602277e-04  6.59555958e-02  4.10107847e-01  7.56367499e-01
  4.94143449e-01 -6.54378591e-09  6.44126584e-02  3.11869103e-04
 -5.92096529e-05  7.84051446e-05 -1.30628078e-08]
   Error: 4.035585548195289e-11

14. Eigenvalue: 10136.228093138192
   Eigenvector: [ 5.37354327e-02  6.44613790e-02 -6.63295963e-05 -1.30684099e-08
 -1.39602251e-04  6.59557022e-02  4.10105874e-01  7.56369051e-01
  4.94142671e-01 -6.54380612e-09  6.44127338e-02  3.11869641e-04
 -5.92093973e-05  7.84056335e-05 -1.30628141e-08]
   Error: 6.933036231068692e-12

15. Eigenvalue: 10136.228093208467
   Eigenvector: [ 5.37354574e-02  6.44614106e-02 -6.63296314e-05 -1.30684126e-08
 -1.39602241e-04  6.59557464e-02  4.10105056e-01  7.56369694e-01
  4.94142349e-01 -6.54381448e-09  6.44127652e-02  3.11869865e-04
 -5.92092915e-05  7.84058361e-05 -1.30628167e-08]
   Error: 1.1913968923230886e-12

16. Eigenvalue: 10136.228093220543
   Eigenvector: [ 5.37354676e-02  6.44614236e-02 -6.63296460e-05 -1.30684137e-08
 -1.39602236e-04  6.59557648e-02  4.10104717e-01  7.56369960e-01
  4.94142215e-01 -6.54381795e-09  6.44127783e-02  3.11869958e-04
 -5.92092477e-05  7.84059201e-05 -1.30628178e-08]
   Error: 2.043984124650882e-13

17. Eigenvalue: 10136.228093222615
   Eigenvector: [ 5.37354719e-02  6.44614291e-02 -6.63296520e-05 -1.30684142e-08
 -1.39602235e-04  6.59557724e-02  4.10104577e-01  7.56370071e-01
  4.94142160e-01 -6.54381939e-09  6.44127837e-02  3.11869996e-04
 -5.92092296e-05  7.84059549e-05 -1.30628183e-08]
   Error: 3.5352491005812954e-14

-------------------- 5 --------------------
1. Eigenvalue: 3.872983346207417
   Eigenvector: [0.25819889 0.25819889 0.25819889 0.25819889 0.25819889 0.25819889
 0.25819889 0.25819889 0.25819889 0.25819889 0.25819889 0.25819889
 0.25819889 0.25819889 0.25819889]
   Error: 0.9959017171913714

2. Eigenvalue: 945.0258869527638
   Eigenvector: [ 4.37655975e-01  4.28659340e-01  3.29225100e-04 -1.63159816e-08
 -9.11528273e-04  4.84876765e-01  2.83622130e-01 -3.46561080e-01
  7.09338881e-02  2.73253543e-04  4.28974443e-01  2.05862872e-03
 -8.60163924e-04 -4.06404344e-04 -1.65973321e-08]
   Error: 0.601156451476868

3. Eigenvalue: 2369.4150010751764
   Eigenvector: [ 3.31926007e-01  3.28396597e-01  5.66156926e-05 -1.14160504e-08
 -7.24747494e-04  3.78650882e-01  5.06506072e-01 -4.96392097e-01
  1.67193965e-01  1.38947841e-07  3.28166620e-01  1.67761623e-03
 -4.81868977e-04 -2.61356424e-04 -1.14434694e-08]
   Error: 0.25289455542929445

4. Eigenvalue: 3171.4599569498073
   Eigenvector: [ 1.84222724e-01  1.80389892e-01  4.95292693e-05 -5.56064343e-09
 -4.34265023e-04  2.06019638e-01  6.73027290e-01 -5.87431055e-01
  2.46032251e-01  1.78516172e-08  1.80286925e-01  8.92612683e-04
 -3.37077238e-04 -2.46703800e-04 -5.59050925e-09]
   Error: 0.18048831496016426

5. Eigenvalue: 3869.938665725853
   Eigenvector: [ 7.71149364e-02  7.20966193e-02  4.14569846e-05 -1.38640175e-09
 -2.16157302e-04  7.84918755e-02  7.31642455e-01 -6.03601112e-01
  2.79036247e-01  1.27984624e-08  7.20966782e-02  3.23100601e-04
 -2.16610162e-04 -2.20040758e-04 -1.41555405e-09]
   Error: 0.06191103722550143

6. Eigenvalue: 4125.342925131637
   Eigenvector: [ 2.26704864e-02  1.69716075e-02  3.66017732e-05  7.09956264e-10
 -1.03710544e-04  1.35031435e-02  7.45567393e-01 -5.99144231e-01
  2.89622537e-01  1.00493414e-08  1.70247044e-02  3.43990330e-05
 -1.52088267e-04 -2.02370178e-04  6.81778233e-10]
   Error: 0.014405354833828266

7. Eigenvalue: 4185.638533411575
   Eigenvector: [-2.33902441e-03 -8.35239699e-03  3.42120637e-05  1.66689178e-09
 -5.17467558e-05 -1.63510590e-02  7.48565855e-01 -5.94387178e-01
  2.93158508e-01  8.74460796e-09 -8.27496435e-03 -9.79745927e-05
 -1.21794007e-04 -1.93370609e-04  1.63929036e-09]
   Error: 0.0029867505892257453

8. Eigenvalue: 4198.177442361221
   Eigenvector: [-1.35886921e-02 -1.97421119e-02  3.31047912e-05  2.09603303e-09
 -2.83126064e-05 -2.97762212e-02  7.49221179e-01 -5.91694947e-01
  2.94478085e-01  8.14926454e-09 -1.96537580e-02 -1.57459557e-04
 -1.08039018e-04 -1.89142385e-04  2.06871709e-09]
   Error: 0.0006035578087239484

9. Eigenvalue: 4200.712815383153
   Eigenvector: [-1.86305366e-02 -2.48461895e-02  3.26020403e-05  2.28809203e-09
 -1.77983038e-05 -3.57917898e-02  7.49375044e-01 -5.90377020e-01
  2.95014823e-01  7.88075440e-09 -2.47529488e-02 -1.84106280e-04
 -1.01849262e-04 -1.87211082e-04  2.26090927e-09]
   Error: 0.0001213245028830396

10. Eigenvalue: 4201.222526617696
   Eigenvector: [-2.08891594e-02 -2.71325494e-02  3.23755179e-05  2.37407367e-09
 -1.30858752e-05 -3.84862849e-02  7.49415860e-01 -5.89764250e-01
  2.95244276e-01  7.76013052e-09 -2.70371214e-02 -1.96040557e-04
 -9.90714672e-05 -1.86338607e-04  2.34695163e-09]
   Error: 2.4362187779987243e-05

11. Eigenvalue: 4201.324880083349
   Eigenvector: [-2.19010015e-02 -2.81567839e-02  3.22737769e-05  2.41258120e-09
 -1.09743023e-05 -3.96933164e-02  7.49428498e-01 -5.89485243e-01
  2.95344860e-01  7.70602456e-09 -2.80603766e-02 -2.01386415e-04
 -9.78260646e-05 -1.85946280e-04  2.38548656e-09]
   Error: 4.89092771712068e-06

12. Eigenvalue: 4201.345428560155
   Eigenvector: [-2.23543251e-02 -2.86156522e-02  3.22281427e-05  2.42983094e-09
 -1.00281905e-05 -4.02340714e-02  7.49433027e-01 -5.89359341e-01
  2.95389480e-01  7.68177058e-09 -2.85188062e-02 -2.03781335e-04
 -9.72679077e-05 -1.85770216e-04  2.40274863e-09]
   Error: 9.8185547873368e-07

13. Eigenvalue: 4201.349553678232
   Eigenvector: [-2.25574297e-02 -2.88212395e-02  3.22076865e-05  2.43755895e-09
 -9.60428208e-06 -4.04763447e-02  7.49434828e-01 -5.89302751e-01
  2.95409383e-01  7.67090125e-09 -2.87241969e-02 -2.04854316e-04
 -9.70177955e-05 -1.85691275e-04  2.41048217e-09]
   Error: 1.9710613906515138e-07

14. Eigenvalue: 4201.350381790185
   Eigenvector: [-2.26484292e-02 -2.89133509e-02  3.21985192e-05  2.44102133e-09
 -9.41434959e-06 -4.05848927e-02  7.49435590e-01 -5.89277360e-01
  2.95418282e-01  7.66603078e-09 -2.88162203e-02 -2.05335053e-04
 -9.69057269e-05 -1.85655893e-04  2.41394703e-09]
   Error: 3.956871831226612e-08

15. Eigenvalue: 4201.350548032241
   Eigenvector: [-2.26892012e-02 -2.89546211e-02  3.21944113e-05  2.44257262e-09
 -9.32925035e-06 -4.06335270e-02  7.49435922e-01 -5.89265977e-01
  2.95422265e-01  7.66384848e-09 -2.88574510e-02 -2.05550444e-04
 -9.68555134e-05 -1.85640039e-04  2.41549943e-09]
   Error: 7.94334921911752e-09

16. Eigenvalue: 4201.350581405036
   Eigenvector: [-2.27074690e-02 -2.89731121e-02  3.21925708e-05  2.44326767e-09
 -9.29112167e-06 -4.06553175e-02  7.49436069e-01 -5.89260875e-01
  2.95424050e-01  7.66287068e-09 -2.88759243e-02 -2.05646949e-04
 -9.68330151e-05 -1.85632935e-04  2.41619497e-09]
   Error: 1.5946131670409462e-09

17. Eigenvalue: 4201.350588104565
   Eigenvector: [-2.27156539e-02 -2.89813969e-02  3.21917461e-05  2.44357908e-09
 -9.27403813e-06 -4.06650807e-02  7.49436134e-01 -5.89258589e-01
  2.95424849e-01  7.66243258e-09 -2.88842012e-02 -2.05690188e-04
 -9.68229347e-05 -1.85629751e-04  2.41650661e-09]
   Error: 3.2011585312659036e-10

18. Eigenvalue: 4201.350589449484
   Eigenvector: [-2.27193211e-02 -2.89851090e-02  3.21913766e-05  2.44371861e-09
 -9.26638387e-06 -4.06694551e-02  7.49436163e-01 -5.89257564e-01
  2.95425207e-01  7.66223628e-09 -2.88879097e-02 -2.05709562e-04
 -9.68184181e-05 -1.85628325e-04  2.41664624e-09]
   Error: 6.426198776668342e-11

19. Eigenvalue: 4201.350589719471
   Eigenvector: [-2.27209642e-02 -2.89867721e-02  3.21912110e-05  2.44378113e-09
 -9.26295438e-06 -4.06714151e-02  7.49436176e-01 -5.89257105e-01
  2.95425367e-01  7.66214833e-09 -2.88895713e-02 -2.05718242e-04
 -9.68163945e-05 -1.85627686e-04  2.41670880e-09]
   Error: 1.2901364592970357e-11

20. Eigenvalue: 4201.350589773674
   Eigenvector: [-2.27217004e-02 -2.89875173e-02  3.21911368e-05  2.44380914e-09
 -9.26141780e-06 -4.06722932e-02  7.49436182e-01 -5.89256900e-01
  2.95425439e-01  7.66210893e-09 -2.88903158e-02 -2.05722131e-04
 -9.68154878e-05 -1.85627400e-04  2.41673683e-09]
   Error: 2.589278351194169e-12

21. Eigenvalue: 4201.3505897845525
   Eigenvector: [-2.27220302e-02 -2.89878512e-02  3.21911036e-05  2.44382169e-09
 -9.26072933e-06 -4.06726867e-02  7.49436185e-01 -5.89256808e-01
  2.95425471e-01  7.66209127e-09 -2.88906493e-02 -2.05723873e-04
 -9.68150816e-05 -1.85627272e-04  2.41674939e-09]
   Error: 5.199771423430449e-13

22. Eigenvalue: 4201.350589786737
   Eigenvector: [-2.27221780e-02 -2.89880008e-02  3.21910887e-05  2.44382731e-09
 -9.26042087e-06 -4.06728629e-02  7.49436186e-01 -5.89256766e-01
  2.95425486e-01  7.66208336e-09 -2.88907988e-02 -2.05724654e-04
 -9.68148996e-05 -1.85627214e-04  2.41675502e-09]
   Error: 1.045582680065214e-13

23. Eigenvalue: 4201.350589787176
   Eigenvector: [-2.27222442e-02 -2.89880678e-02  3.21910820e-05  2.44382983e-09
 -9.26028266e-06 -4.06729419e-02  7.49436187e-01 -5.89256748e-01
  2.95425492e-01  7.66207982e-09 -2.88908657e-02 -2.05725004e-04
 -9.68148180e-05 -1.85627188e-04  2.41675754e-09]
   Error: 2.0781767554090777e-14

-------------------- 6 --------------------
1. Eigenvalue: 3.872983346207417
   Eigenvector: [0.25819889 0.25819889 0.25819889 0.25819889 0.25819889 0.25819889
 0.25819889 0.25819889 0.25819889 0.25819889 0.25819889 0.25819889
 0.25819889 0.25819889 0.25819889]
   Error: 0.9955629421673948

2. Eigenvalue: 872.8719553185118
   Eigenvector: [ 4.83261713e-01  4.76121207e-01  3.43083008e-04 -1.86786984e-08
 -9.83035390e-04  5.41834003e-01 -3.88889291e-03 -1.30714399e-01
 -4.57804435e-02  2.95838233e-04  4.76422026e-01  2.31415994e-03
 -8.91096997e-04 -3.62978405e-04 -1.89720732e-08]
   Error: 0.5361929223747642

3. Eigenvalue: 1881.972047058341
   Eigenvector: [ 4.73488564e-01  4.74481575e-01  4.73538889e-05 -1.78246424e-08
 -9.79310839e-04  5.53805566e-01 -3.77606548e-03 -1.30808009e-01
 -4.57466204e-02  1.82299738e-07  4.74078063e-01  2.47728215e-03
 -5.67148541e-04 -1.84307726e-04 -1.78369402e-08]
   Error: 0.00021117684477978615

4. Eigenvalue: 1882.369559922715
   Eigenvector: [ 4.70052283e-01  4.74203950e-01  4.71945822e-05 -1.78226541e-08
 -9.78165870e-04  5.57221179e-01 -3.74310711e-03 -1.30835632e-01
 -4.57370866e-02  2.51565325e-08  4.73766525e-01  2.47524347e-03
 -5.73959383e-04 -1.82801927e-04 -1.78352732e-08]
   Error: 2.0436433617890433e-05

5. Eigenvalue: 1882.4080296294544
   Eigenvector: [ 4.68932126e-01  4.74150862e-01  4.71957647e-05 -1.78220800e-08
 -9.77824751e-04  5.58261799e-01 -3.73297930e-03 -1.30844198e-01
 -4.57342109e-02  2.50713892e-08  4.73702627e-01  2.47473302e-03
 -5.75966021e-04 -1.82362281e-04 -1.78348004e-08]
   Error: 2.0285884140264508e-06

6. Eigenvalue: 1882.4118482683202
   Eigenvector: [ 4.68575015e-01  4.74137658e-01  4.71963670e-05 -1.78219047e-08
 -9.77719199e-04  5.58586336e-01 -3.72981172e-03 -1.30846888e-01
 -4.57333179e-02  2.50719665e-08  4.73686013e-01  2.47458300e-03
 -5.76600165e-04 -1.82229819e-04 -1.78346570e-08]
   Error: 2.0188944042557836e-07

7. Eigenvalue: 1882.4122283074717
   Eigenvector: [ 4.68461962e-01  4.74133856e-01  4.71965780e-05 -1.78218500e-08
 -9.77686110e-04  5.58688345e-01 -3.72881515e-03 -1.30847736e-01
 -4.57330377e-02  2.50722814e-08  4.73681135e-01  2.47453681e-03
 -5.76800343e-04 -1.82188664e-04 -1.78346124e-08]
   Error: 2.0098022613084432e-08

8. Eigenvalue: 1882.412266140236
   Eigenvector: [ 4.68426253e-01  4.74132694e-01  4.71966468e-05 -1.78218328e-08
 -9.77675692e-04  5.58720491e-01 -3.72850101e-03 -1.30848003e-01
 -4.57329495e-02  2.50723930e-08  4.73679634e-01  2.47452235e-03
 -5.76863513e-04 -1.82175745e-04 -1.78345984e-08]
   Error: 2.0008097136124876e-09

9. Eigenvalue: 1882.4122699065847
   Eigenvector: [ 4.68414982e-01  4.74132332e-01  4.71966687e-05 -1.78218274e-08
 -9.77672407e-04  5.58730629e-01 -3.72840193e-03 -1.30848087e-01
 -4.57329217e-02  2.50724294e-08  4.73679164e-01  2.47451780e-03
 -5.76883445e-04 -1.82171675e-04 -1.78345940e-08]
   Error: 1.991863274495439e-10

10. Eigenvalue: 1882.4122702815355
   Eigenvector: [ 4.68411425e-01  4.74132218e-01  4.71966756e-05 -1.78218257e-08
 -9.77671371e-04  5.58733828e-01 -3.72837067e-03 -1.30848114e-01
 -4.57329129e-02  2.50724411e-08  4.73679016e-01  2.47451637e-03
 -5.76889734e-04 -1.82170392e-04 -1.78345926e-08]
   Error: 1.982959957217108e-11

11. Eigenvalue: 1882.412270318863
   Eigenvector: [ 4.68410303e-01  4.74132182e-01  4.71966778e-05 -1.78218251e-08
 -9.77671044e-04  5.58734837e-01 -3.72836080e-03 -1.30848122e-01
 -4.57329101e-02  2.50724447e-08  4.73678970e-01  2.47451592e-03
 -5.76891718e-04 -1.82169987e-04 -1.78345921e-08]
   Error: 1.9742873459291483e-12

12. Eigenvalue: 1882.4122703225794
   Eigenvector: [ 4.68409949e-01  4.74132170e-01  4.71966785e-05 -1.78218250e-08
 -9.77670941e-04  5.58735155e-01 -3.72835769e-03 -1.30848125e-01
 -4.57329093e-02  2.50724459e-08  4.73678955e-01  2.47451577e-03
 -5.76892345e-04 -1.82169859e-04 -1.78345920e-08]
   Error: 1.9640203269991833e-13

13. Eigenvalue: 1882.412270322949
   Eigenvector: [ 4.68409837e-01  4.74132167e-01  4.71966787e-05 -1.78218249e-08
 -9.77670908e-04  5.58735256e-01 -3.72835671e-03 -1.30848126e-01
 -4.57329090e-02  2.50724463e-08  4.73678950e-01  2.47451573e-03
 -5.76892542e-04 -1.82169819e-04 -1.78345920e-08]
   Error: 1.956773019519443e-14

-------------------- 7 --------------------
1. Eigenvalue: 3.872983346207417
   Eigenvector: [0.25819889 0.25819889 0.25819889 0.25819889 0.25819889 0.25819889
 0.25819889 0.25819889 0.25819889 0.25819889 0.25819889 0.25819889
 0.25819889 0.25819889 0.25819889]
   Error: 0.8050514724023614

2. Eigenvalue: 19.86669709145487
   Eigenvector: [ 6.57871313e-01  9.27877245e-02  1.30007293e-02 -3.78508102e-08
 -2.46824050e-04 -7.36223025e-01 -7.09583699e-03  4.38624601e-03
 -2.60901033e-03  1.29969776e-02  1.25912230e-01 -7.01729830e-03
 -1.38115885e-02 -7.94615962e-03 -5.01798623e-08]
   Error: 0.9661503832407331

3. Eigenvalue: 586.9105471043773
   Eigenvector: [ 7.17187507e-01  5.09094037e-02  2.23161136e-05 -4.60188843e-10
 -2.34513994e-04 -6.92544477e-01 -6.73476018e-03  5.18754138e-03
 -2.09406567e-03  2.21511257e-05  5.79104642e-02  3.98532634e-04
  1.37075203e-03 -3.01848847e-04 -3.94136824e-10]
   Error: 0.010625265834554323

4. Eigenvalue: 593.213599293544
   Eigenvector: [ 7.34807750e-01  3.26217392e-02 -8.84490063e-07 -3.90621214e-10
 -2.22374817e-04 -6.76269186e-01 -6.59859113e-03  5.43917565e-03
 -1.91882473e-03  3.76190227e-08  3.96814504e-02  3.28116792e-04
  1.31067456e-03 -2.82798231e-04 -3.24495534e-10]
   Error: 0.0010916585053570057

5. Eigenvalue: 593.8618936807881
   Eigenvector: [ 7.40352307e-01  2.66623633e-02 -1.27869363e-06 -3.67847349e-10
 -2.18371353e-04 -6.70784308e-01 -6.55244580e-03  5.51971094e-03
 -1.86120506e-03 -1.48938303e-09  3.37221654e-02  3.08814366e-04
  1.31286066e-03 -2.72821483e-04 -3.01714972e-10]
   Error: 0.00011583247988355048

6. Eigenvalue: 593.9306901455066
   Eigenvector: [ 7.42135808e-01  2.47220001e-02 -1.39488914e-06 -3.60424793e-10
 -2.17062161e-04 -6.68980094e-01 -6.53724076e-03  5.54576536e-03
 -1.84239894e-03 -2.15293031e-09  3.17817058e-02  3.02510717e-04
  1.31348053e-03 -2.69579241e-04 -2.94292118e-10]
   Error: 1.2268893891931395e-05

7. Eigenvalue: 593.9379771075261
   Eigenvector: [ 7.42713965e-01  2.40904866e-02 -1.43267735e-06 -3.58008236e-10
 -2.16635466e-04 -6.68390946e-01 -6.53227299e-03  5.55422737e-03
 -1.83627345e-03 -2.34853967e-09  3.11501394e-02  3.00458485e-04
  1.31367848e-03 -2.68523296e-04 -2.91875663e-10]
   Error: 1.2992682590165611e-06

8. Eigenvalue: 593.9387487932902
   Eigenvector: [ 7.42901871e-01  2.38849726e-02 -1.44497384e-06 -3.57221729e-10
 -2.16496543e-04 -6.68199013e-01 -6.53065430e-03  5.55697929e-03
 -1.83427951e-03 -2.41215969e-09  3.09446060e-02  2.99790554e-04
  1.31374248e-03 -2.68179586e-04 -2.91089210e-10]
   Error: 1.3758896406492484e-07

9. Eigenvalue: 593.9388305127186
   Eigenvector: [ 7.42962994e-01  2.38180938e-02 -1.44897530e-06 -3.56965773e-10
 -2.16451327e-04 -6.68136532e-01 -6.53012733e-03  5.55787463e-03
 -1.83363059e-03 -2.43286266e-09  3.08777206e-02  2.99573187e-04
  1.31376326e-03 -2.68067728e-04 -2.90833274e-10]
   Error: 1.4570265213860428e-08

10. Eigenvalue: 593.938839166565
   Eigenvector: [ 7.42982882e-01  2.37963301e-02 -1.45027744e-06 -3.56882479e-10
 -2.16436612e-04 -6.68116197e-01 -6.52995582e-03  5.55816597e-03
 -1.83341941e-03 -2.43959978e-09  3.08559547e-02  2.99502451e-04
  1.31377002e-03 -2.68031326e-04 -2.90749986e-10]
   Error: 1.5429478200927393e-09

11. Eigenvalue: 593.9388400829816
   Eigenvector: [ 7.42989353e-01  2.37892478e-02 -1.45070118e-06 -3.56855374e-10
 -2.16431824e-04 -6.68109580e-01 -6.52990001e-03  5.55826077e-03
 -1.83335069e-03 -2.44179216e-09  3.08488717e-02  2.99479432e-04
  1.31377222e-03 -2.68019480e-04 -2.90722883e-10]
   Error: 1.6339361327819785e-10

12. Eigenvalue: 593.9388401800275
   Eigenvector: [ 7.42991459e-01  2.37869431e-02 -1.45083907e-06 -3.56846553e-10
 -2.16430265e-04 -6.68107426e-01 -6.52988185e-03  5.55829162e-03
 -1.83332832e-03 -2.44250560e-09  3.08465668e-02  2.99471941e-04
  1.31377294e-03 -2.68015625e-04 -2.90714063e-10]
   Error: 1.7302851215102207e-11

13. Eigenvalue: 593.9388401903043
   Eigenvector: [ 7.42992145e-01  2.37861931e-02 -1.45088395e-06 -3.56843682e-10
 -2.16429758e-04 -6.68106725e-01 -6.52987593e-03  5.55830166e-03
 -1.83332104e-03 -2.44273777e-09  3.08458167e-02  2.99469504e-04
  1.31377317e-03 -2.68014371e-04 -2.90711193e-10]
   Error: 1.8320012940776124e-12

14. Eigenvalue: 593.9388401913924
   Eigenvector: [ 7.42992368e-01  2.37859490e-02 -1.45089855e-06 -3.56842748e-10
 -2.16429593e-04 -6.68106497e-01 -6.52987401e-03  5.55830493e-03
 -1.83331868e-03 -2.44281332e-09  3.08455726e-02  2.99468710e-04
  1.31377325e-03 -2.68013962e-04 -2.90710259e-10]
   Error: 1.9428286631369922e-13

15. Eigenvalue: 593.9388401915078
   Eigenvector: [ 7.42992440e-01  2.37858696e-02 -1.45090330e-06 -3.56842444e-10
 -2.16429540e-04 -6.68106423e-01 -6.52987339e-03  5.55830599e-03
 -1.83331791e-03 -2.44283790e-09  3.08454932e-02  2.99468452e-04
  1.31377327e-03 -2.68013830e-04 -2.90709955e-10]
   Error: 2.0863874313490416e-14

-------------------- 8 --------------------
1. Eigenvalue: 3.872983346207417
   Eigenvector: [0.25819889 0.25819889 0.25819889 0.25819889 0.25819889 0.25819889
 0.25819889 0.25819889 0.25819889 0.25819889 0.25819889 0.25819889
 0.25819889 0.25819889 0.25819889]
   Error: 0.20457573148441294

2. Eigenvalue: 3.2152261123795793
   Eigenvector: [-4.65436852e-01  4.28296170e-01  8.03396049e-02 -2.31702137e-07
 -2.05435710e-04 -4.75310567e-01 -4.02896083e-03 -6.78933107e-03
 -4.94229671e-03  8.03075916e-02  5.89924630e-01 -4.51854863e-02
 -9.33517241e-02 -4.74646527e-02 -3.08285882e-07]
   Error: 0.9830305917874648

3. Eigenvalue: 189.47190568522583
   Eigenvector: [-4.74483565e-01  5.19766059e-01  4.54862089e-04 -1.98737769e-09
 -3.51794059e-04 -4.85209276e-01 -4.09223049e-03 -6.95113174e-03
 -5.03863561e-03  4.24018562e-04  5.18829710e-01  1.90391599e-03
  1.12491512e-03 -6.54608477e-04 -1.98718911e-09]
   Error: 0.019693717265772143

4. Eigenvalue: 193.27827335428168
   Eigenvector: [-4.74485511e-01  5.19265874e-01  3.32616027e-05 -1.98737219e-09
 -3.51097757e-04 -4.85208655e-01 -4.09240771e-03 -6.95100332e-03
 -5.03870580e-03  2.35340517e-06  5.19331115e-01  1.68549662e-03
 -1.70851185e-04 -8.70791428e-04 -1.98720932e-09]
   Error: 1.296856216397583e-06

5. Eigenvalue: 193.27852400873704
   Eigenvector: [-4.74485487e-01  5.19272610e-01  3.10798038e-05 -1.98737225e-09
 -3.51096510e-04 -4.85208680e-01 -4.09240632e-03 -6.95100489e-03
 -5.03870540e-03  1.72091559e-07  5.19324379e-01  1.68776580e-03
 -1.61087245e-04 -8.68523151e-04 -1.98720926e-09]
   Error: 1.0120723329402449e-10

6. Eigenvalue: 193.27852402829822
   Eigenvector: [-4.74485487e-01  5.19272560e-01  3.10685209e-05 -1.98737225e-09
 -3.51096504e-04 -4.85208679e-01 -4.09240634e-03 -6.95100487e-03
 -5.03870540e-03  1.60803192e-07  5.19324430e-01  1.68774773e-03
 -1.61193517e-04 -8.68541205e-04 -1.98720926e-09]
   Error: 8.381880220152254e-15

-------------------- 9 --------------------
1. Eigenvalue: 3.872983346207417
   Eigenvector: [0.25819889 0.25819889 0.25819889 0.25819889 0.25819889 0.25819889
 0.25819889 0.25819889 0.25819889 0.25819889 0.25819889 0.25819889
 0.25819889 0.25819889 0.25819889]
   Error: 7.099248372471511

2. Eigenvalue: -0.6349935450551302
   Eigenvector: [-1.50360034e-03 -4.08862754e-01  4.06637316e-01 -1.16333586e-06
  7.02523950e-04  1.72821769e-03 -8.68858693e-05  1.25395105e-04
 -1.43545519e-05  4.06628636e-01  4.09269279e-01 -2.37169600e-01
 -4.71876983e-01 -2.36021357e-01 -1.55111079e-06]
   Error: 0.5890512986121447

3. Eigenvalue: -1.5451893214667205
   Eigenvector: [ 8.11434178e-04  3.06819761e-01  2.63123597e-01 -4.97756537e-12
 -4.33377994e-04 -7.61224300e-04  1.05884430e-04 -8.43657506e-05
  3.92740065e-05  2.63163426e-01 -3.06741179e-01  1.34215073e-01
  7.98514151e-01  1.32825024e-01  1.09133334e-11]
   Error: 0.09502520238660246

4. Eigenvalue: -1.7074390640951536
   Eigenvector: [-1.70436517e-03 -4.69892273e-01  1.54137964e-01  4.31732829e-12
 -8.80325133e-05  1.73107794e-03 -9.69727381e-05  1.09386740e-04
 -2.77711388e-05  1.54104239e-01  4.69935588e-01 -1.58224940e-01
 -6.78821497e-01 -1.58162826e-01 -4.29827088e-12]
   Error: 0.03716408423017738

5. Eigenvalue: -1.7733437609979406
   Eigenvector: [ 1.19216103e-03  3.84616960e-01  8.68777148e-02 -7.35736330e-12
 -4.64894728e-05 -1.14253424e-03  1.07401612e-04 -9.90655266e-05
  3.60757713e-05  8.69193936e-02 -3.84527973e-01  1.37012462e-01
  8.07213155e-01  1.36883414e-01  7.32870796e-12]
   Error: 0.01319470546969193

6. Eigenvalue: -1.7970553774156663
   Eigenvector: [-1.57096563e-03 -4.51326680e-01  4.83831129e-02  5.51422160e-12
 -8.17721942e-05  1.56939389e-03 -1.02164016e-04  1.05686043e-04
 -3.19678315e-05  4.83444839e-02  4.51321220e-01 -1.52174705e-01
 -7.35906779e-01 -1.52362665e-01 -5.49517815e-12]
   Error: 0.004441841547725026

7. Eigenvalue: -1.8050732266705778
   Eigenvector: [ 1.32766934e-03  4.09632099e-01  2.67628999e-02 -6.80372524e-12
  1.94426961e-06 -1.29313111e-03  1.06335583e-04 -1.03037046e-04
  3.44657595e-05  2.68039613e-02 -4.09568287e-01  1.42677612e-01
  7.88854360e-01  1.42720345e-01  6.77900637e-12]
   Error: 0.0014873021561104649

8. Eigenvalue: -1.8077619148642898
   Eigenvector: [-1.49338756e-03 -4.38450208e-01  1.48443931e-02  5.95971552e-12
 -5.62292689e-05  1.48079012e-03 -1.03787041e-04  1.04405040e-04
 -3.31394394e-05  1.48044384e-02  4.38425622e-01 -1.49298731e-01
 -7.55297029e-01 -1.49454671e-01 -5.93893557e-12]
   Error: 0.0005063878705911757

9. Eigenvalue: -1.8086778073677483
   Eigenvector: [ 1.38410037e-03  4.19587192e-01  8.16656283e-03 -6.52766421e-12
  2.02166168e-05 -1.35680848e-03  1.05569283e-04 -1.03924803e-04
  3.39046331e-05  8.20731756e-03 -4.19536081e-01  1.44994808e-01
  7.78284653e-01  1.45078383e-01  6.50428765e-12]
   Error: 0.00017714387322316055

10. Eigenvalue: -1.8089982603262365
   Eigenvector: [-1.45733175e-03 -4.32280120e-01  4.55477370e-03  6.15110643e-12
 -4.42494101e-05  1.43984487e-03 -1.04412080e-04  1.04081885e-04
 -3.34851707e-05  4.51441165e-03  4.32246840e-01 -1.47903734e-01
 -7.63191268e-01 -1.48036457e-01 -6.12946190e-12]
   Error: 6.400407774982916e-05

11. Eigenvalue: -1.8091140510026151
   Eigenvector: [ 1.40870126e-03  4.23870207e-01  2.47704487e-03 -6.40266845e-12
  2.82443138e-05 -1.38466722e-03  1.05194390e-04 -1.04095170e-04
  3.37236922e-05  2.51768190e-03 -4.23824946e-01  1.45981426e-01
  7.73330262e-01  1.46081457e-01  6.37987013e-12]
   Error: 2.3932099076784985e-05

12. Eigenvalue: -1.8091573479355114
   Eigenvector: [-1.44115684e-03 -4.29490695e-01  1.40966532e-03  6.23534410e-12
 -3.89098004e-05  1.42149028e-03 -1.04677608e-04  1.04031711e-04
 -3.35908387e-05  1.36917050e-03  4.29453467e-01 -1.47268150e-01
 -7.66607946e-01 -1.47390053e-01 -6.21331356e-12]
   Error: 9.253441210858033e-06

13. Eigenvalue: -1.8091740890215844
   Eigenvector: [ 1.41956020e-03  4.25753566e-01  7.38583188e-04 -6.34691777e-12
  3.18048497e-05 -1.39698001e-03  1.05023626e-04 -1.04108311e-04
  3.36662838e-05  7.79176158e-04 -4.25710956e-01  1.46413401e-01
  7.71099045e-01  1.46520709e-01  6.32437564e-12]
   Error: 3.688699364353286e-06

14. Eigenvalue: -1.8091807625455132
   Eigenvector: [-1.43395665e-03 -4.28246058e-01  4.48781646e-04  6.27263279e-12
 -3.65385337e-05  1.41331936e-03 -1.04793831e-04  1.04039977e-04
 -3.36237810e-05  4.08241787e-04  4.28207049e-01 -1.46983812e-01
 -7.68112418e-01 -1.47100862e-01 -6.25043123e-12]
   Error: 1.509322660486158e-06

15. Eigenvalue: -1.8091834931871564
   Eigenvector: [ 1.42437040e-03  4.26586840e-01  2.07481369e-04 -6.32213762e-12
  3.33850196e-05 -1.40243760e-03  1.04947213e-04 -1.04095753e-04
  3.36480300e-05  2.48057562e-04 -4.26545423e-01  1.46604236e-01
  7.70104224e-01  1.46714787e-01  6.29970917e-12]
   Error: 6.308113529097988e-07

16. Eigenvalue: -1.8091846344413633
   Eigenvector: [-1.43075810e-03 -4.27692683e-01  1.55237955e-04  6.28916631e-12
 -3.54859386e-05  1.40968895e-03 -1.04845160e-04  1.04053219e-04
 -3.36342164e-05  1.14682252e-04  4.27652876e-01 -1.46857276e-01
 -7.68778261e-01 -1.46972163e-01 -6.26688895e-12]
   Error: 2.680295021461701e-07

17. Eigenvalue: -1.8091851193563502
   Eigenvector: [ 1.42650360e-03  4.26956221e-01  4.52358269e-05 -6.31113427e-12
  3.40863303e-05 -1.40485874e-03  1.04913200e-04 -1.04084650e-04
  3.36421649e-05  8.58054567e-05 -4.26915339e-01  1.46688784e-01
  7.69661984e-01  1.46800779e-01  6.28875627e-12]
   Error: 1.1530775084168626e-07

18. Eigenvalue: -1.8091853279694412
   Eigenvector: [-1.42933812e-03 -4.27446929e-01  6.55649050e-05  6.29650116e-12
 -3.50187482e-05  1.40807697e-03 -1.04867897e-04  1.04062053e-04
 -3.36375800e-05  2.50034234e-05  4.27406765e-01 -1.46801062e-01
 -7.69073443e-01 -1.46914985e-01 -6.27419019e-12]
   Error: 5.0060096756228776e-08

19. Eigenvalue: -1.8091854185374383
   Eigenvector: [ 1.42745000e-03  4.27120074e-01 -4.32697792e-06 -6.30625000e-12
  3.43975835e-05 -1.40593312e-03  1.04898087e-04 -1.04078046e-04
  3.36402493e-05  3.62400141e-05 -4.27079430e-01  1.46726279e-01
  7.69465590e-01  1.46838918e-01  6.28389438e-12]
   Error: 2.1876365005886423e-08

20. Eigenvalue: -1.8091854581158398
   Eigenvector: [-1.42870787e-03 -4.27337835e-01  3.81719932e-05  6.29975583e-12
 -3.48113976e-05  1.40736141e-03 -1.04877980e-04  1.04066883e-04
 -3.36386872e-05 -2.39167186e-06  4.27297511e-01 -1.46776104e-01
 -7.69204384e-01 -1.46889599e-01 -6.27742995e-12]
   Error: 9.604707928417067e-09

21. Eigenvalue: -1.8091854754925378
   Eigenvector: [ 1.42786994e-03  4.27192776e-01 -1.94669122e-05 -6.30408221e-12
  3.45357210e-05 -1.40640992e-03  1.04891377e-04 -1.04074605e-04
  3.36396098e-05  2.10989939e-05 -4.27152239e-01  1.46742915e-01
  7.69378408e-01  1.46855839e-01  6.28173652e-12]
   Error: 4.230764361848155e-09

22. Eigenvalue: -1.8091854831467753
   Eigenvector: [-1.42842816e-03 -4.27289414e-01  2.98044758e-05  6.30120013e-12
 -3.47193728e-05  1.40704380e-03 -1.04882453e-04  1.04069305e-04
 -3.36390610e-05 -1.07600423e-05  4.27249019e-01 -1.46765026e-01
 -7.69262484e-01 -1.46878330e-01 -6.27886764e-12]
   Error: 1.867884834488713e-09

23. Eigenvalue: -1.8091854865261254
   Eigenvector: [ 1.42805629e-03  4.27225038e-01 -2.40914755e-05 -6.30312013e-12
  3.45970272e-05 -1.40662152e-03  1.04888398e-04 -1.04072923e-04
  3.36393905e-05  1.64739747e-05 -4.27184548e-01  1.46750297e-01
  7.69339713e-01  1.46863347e-01  6.28077885e-12]
   Error: 8.25990464218862e-10

24. Eigenvalue: -1.8091854880204954
   Eigenvector: [-1.42830402e-03 -4.27267925e-01  2.72486614e-05  6.30184108e-12
 -3.46785317e-05  1.40690284e-03 -1.04884438e-04  1.04070465e-04
 -3.36391911e-05 -1.33161999e-05  4.27227498e-01 -1.46760109e-01
 -7.69288266e-01 -1.46873329e-01 -6.27950566e-12]
   Error: 3.65662974048613e-10

25. Eigenvalue: -1.8091854886820475
   Eigenvector: [ 1.42813899e-03  4.27239355e-01 -2.55039691e-05 -6.30269316e-12
  3.46242350e-05 -1.40671543e-03  1.04887076e-04 -1.04072129e-04
  3.36393129e-05  1.50612867e-05 -4.27198886e-01  1.46753573e-01
  7.69322539e-01  1.46866680e-01  6.28035383e-12]
   Error: 1.6200156738007733e-10

26. Eigenvalue: -1.8091854889751384
   Eigenvector: [-1.42824893e-03 -4.27258388e-01  2.64680684e-05  6.30212553e-12
 -3.46604064e-05  1.40684028e-03 -1.04885318e-04  1.04071006e-04
 -3.36392379e-05 -1.40969344e-05  4.27217947e-01 -1.46757927e-01
 -7.69299708e-01 -1.46871109e-01 -6.27978880e-12]
   Error: 7.181025775377903e-11

27. Eigenvalue: -1.8091854891050565
   Eigenvector: [ 1.42817569e-03  4.27245708e-01 -2.59353463e-05 -6.30250367e-12
  3.46363097e-05 -1.40675711e-03  1.04886489e-04 -1.04071762e-04
  3.36392845e-05  1.46298257e-05 -4.27205249e-01  1.46755026e-01
  7.69314918e-01  1.46868158e-01  6.28016521e-12]
   Error: 3.184325834543504e-11

28. Eigenvalue: -1.8091854891626669
   Eigenvector: [-1.42822448e-03 -4.27254155e-01  2.62296906e-05  6.30225176e-12
 -3.46523624e-05  1.40681252e-03 -1.04885709e-04  1.04071254e-04
 -3.36392553e-05 -1.43353716e-05  4.27213708e-01 -1.46756959e-01
 -7.69304785e-01 -1.46870124e-01 -6.27991445e-12]
   Error: 1.4123853658384772e-11

29. Eigenvalue: -1.8091854891882195
   Eigenvector: [ 1.42819198e-03  4.27248528e-01 -2.60670696e-05 -6.30241958e-12
  3.46416685e-05 -1.40677561e-03  1.04886229e-04 -1.04071595e-04
  3.36392737e-05  1.44980660e-05 -4.27208073e-01  1.46755671e-01
  7.69311535e-01  1.46868815e-01  6.28008150e-12]
   Error: 6.265458765335335e-12

30. Eigenvalue: -1.809185489199555
   Eigenvector: [-1.42821363e-03 -4.27252277e-01  2.61569079e-05  6.30230778e-12
 -3.46487926e-05  1.40680020e-03 -1.04885883e-04  1.04071366e-04
 -3.36392620e-05 -1.44081797e-05  4.27211827e-01 -1.46756529e-01
 -7.69307038e-01 -1.46869687e-01 -6.27997022e-12]
   Error: 2.779875436522054e-12

31. Eigenvalue: -1.8091854892045842
   Eigenvector: [ 1.42819921e-03  4.27249779e-01 -2.61072832e-05 -6.30238226e-12
  3.46440466e-05 -1.40678382e-03  1.04886113e-04 -1.04071519e-04
  3.36392695e-05  1.44578365e-05 -4.27209326e-01  1.46755958e-01
  7.69310034e-01  1.46869106e-01  6.28004435e-12]
   Error: 1.2335773956930991e-12

32. Eigenvalue: -1.809185489206816
   Eigenvector: [-1.42820882e-03 -4.27251443e-01  2.61346915e-05  6.30233265e-12
 -3.46472083e-05  1.40679473e-03 -1.04885960e-04  1.04071417e-04
 -3.36392647e-05 -1.44304071e-05  4.27210992e-01 -1.46756338e-01
 -7.69308038e-01 -1.46869493e-01 -6.27999497e-12]
   Error: 5.472611289814465e-13

33. Eigenvalue: -1.809185489207806
   Eigenvector: [ 1.42820241e-03  4.27250335e-01 -2.61195560e-05 -6.30236570e-12
  3.46451021e-05 -1.40678746e-03  1.04886062e-04 -1.04071485e-04
  3.36392678e-05  1.44455567e-05 -4.27209882e-01  1.46756085e-01
  7.69309368e-01  1.46869235e-01  6.28002787e-12]
   Error: 2.4313171036375465e-13

34. Eigenvalue: -1.809185489208246
   Eigenvector: [-1.42820668e-03 -4.27251073e-01  2.61279126e-05  6.30234368e-12
 -3.46465052e-05  1.40679230e-03 -1.04885994e-04  1.04071440e-04
 -3.36392658e-05 -1.44371908e-05  4.27210622e-01 -1.46756254e-01
 -7.69308482e-01 -1.46869407e-01 -6.28000595e-12]
   Error: 1.0751306324009398e-13

35. Eigenvalue: -1.8091854892084405
   Eigenvector: [ 1.42820384e-03  4.27250581e-01 -2.61232998e-05 -6.30235835e-12
  3.46455704e-05 -1.40678908e-03  1.04886039e-04 -1.04071470e-04
  3.36392671e-05  1.44418098e-05 -4.27210129e-01  1.46756141e-01
  7.69309072e-01  1.46869292e-01  6.28002055e-12]
   Error: 4.786540486716284e-14

-------------------- 10 --------------------
1. Eigenvalue: 3.872983346207417
   Eigenvector: [0.25819889 0.25819889 0.25819889 0.25819889 0.25819889 0.25819889
 0.25819889 0.25819889 0.25819889 0.25819889 0.25819889 0.25819889
 0.25819889 0.25819889 0.25819889]
   Error: 8.786341583652293

2. Eigenvalue: 0.39575395086117643
   Eigenvector: [-6.20467801e-04 -1.19921232e-01  6.52423297e-01 -1.86659891e-06
  1.17068424e-03  1.00774041e-03 -7.80097380e-06  7.06117506e-05
  1.91777468e-05  6.52460269e-01  1.20624265e-01 -1.96395755e-01
  2.08178441e-01 -1.94411399e-01 -2.48877419e-06]
   Error: 0.6029234732551889

3. Eigenvalue: 0.9966692166508128
   Eigenvector: [-1.23454686e-03 -2.09920925e-01  6.54596957e-01  1.97294644e-12
 -1.15696982e-03  1.31067073e-03  2.44940374e-05  2.71797609e-05
  2.10760269e-05  6.54603640e-01  2.10024264e-01 -3.99862199e-04
  2.34090227e-01 -4.11542887e-03  1.28435506e-11]
   Error: 0.031522602443785866

4. Eigenvalue: 1.0291094238912915
   Eigenvector: [-1.31541390e-03 -2.28533827e-01  6.36057767e-01 -7.41758083e-12
 -2.24598778e-04  1.51141278e-03  1.97611033e-05  3.47360063e-05
  2.00821676e-05  6.36081005e-01  2.28874576e-01 -6.53820478e-02
  2.78852589e-01 -6.46725987e-02  7.40678914e-12]
   Error: 0.012441031080099764

5. Eigenvalue: 1.0420738976395862
   Eigenvector: [-1.55565611e-03 -2.68866270e-01  6.10366109e-01 -7.86080546e-12
 -5.67373969e-04  1.75533612e-03  2.51732164e-05  2.77123756e-05
  1.95197844e-05  6.10376834e-01  2.69210045e-01 -5.79338575e-02
  3.21267328e-01 -5.96268461e-02  7.81483575e-12]
   Error: 0.013253082296146534

6. Eigenvalue: 1.0560700813380577
   Eigenvector: [-1.76605401e-03 -3.05648120e-01  5.77938414e-01 -9.15518829e-12
 -5.64679599e-04  2.00230790e-03  2.81362219e-05  2.36582826e-05
  1.85663066e-05  5.77959853e-01  3.06064630e-01 -7.09097148e-02
  3.66962079e-01 -7.18085100e-02  9.11675250e-12]
   Error: 0.015289723758154277

7. Eigenvalue: 1.0724678180150178
   Eigenvector: [-1.98680653e-03 -3.43782801e-01  5.38875494e-01 -1.02421310e-11
 -6.56950031e-04  2.25132787e-03  3.17673834e-05  1.82193800e-05
  1.74620253e-05  5.38886487e-01  3.44253718e-01 -7.83926524e-02
  4.12302567e-01 -7.98063669e-02  1.01936782e-11]
   Error: 0.016741251188981145

8. Eigenvalue: 1.0907279689215812
   Eigenvector: [-2.19456590e-03 -3.79790275e-01  4.94031488e-01 -1.13287331e-11
 -7.20092532e-04  2.48820280e-03  3.50658377e-05  1.26826106e-05
  1.61592803e-05  4.94051229e-01  3.80318625e-01 -8.69681442e-02
  4.55603403e-01 -8.83963561e-02  1.12771319e-11]
   Error: 0.01716915899899583

9. Eigenvalue: 1.1097819924033772
   Eigenvector: [-2.38328193e-03 -4.12469357e-01  4.45150168e-01 -1.23003184e-11
 -7.83699145e-04  2.70282122e-03  3.80903003e-05  7.01082606e-06
  1.47282823e-05  4.45160844e-01  4.13048884e-01 -9.43540149e-02
  4.94780957e-01 -9.59600106e-02  1.22436702e-11]
   Error: 0.01645870227578222

10. Eigenvalue: 1.1283532221486412
   Eigenvector: [-2.54546077e-03 -4.40563598e-01  3.94495680e-01 -1.31390179e-11
 -8.36766425e-04  2.88748659e-03  4.06834340e-05  1.50575821e-06
  1.32303595e-05  3.94513136e-01  4.41188095e-01 -1.00806494e-01
  5.28491404e-01 -1.02511919e-01  1.30787574e-11]
   Error: 0.014786018868527987

11. Eigenvalue: 1.1452874642042539
   Eigenvector: [-2.67855870e-03 -4.63620642e-01  3.44441190e-01 -1.38265673e-11
 -8.80750659e-04  3.03907587e-03  4.28132151e-05 -3.64086957e-06
  1.17393659e-05  3.44451233e-01  4.64282505e-01 -1.06075303e-01
  5.56151023e-01 -1.07880264e-01  1.37631140e-11]
   Error: 0.012526086750404165

12. Eigenvalue: 1.1598154126779132
   Eigenvector: [-2.78332445e-03 -4.81772565e-01  2.96964324e-01 -1.43680366e-11
 -9.15277466e-04  3.15847625e-03  4.44896069e-05 -8.28879546e-06
  1.03162153e-05  2.96979318e-01  4.82464411e-01 -1.10230218e-01
  5.77928313e-01 -1.12108716e-01  1.43021455e-11]
   Error: 0.010092359068643043

13. Eigenvalue: 1.1716400245044054
   Eigenvector: [-2.86302497e-03 -4.95583715e-01  2.53451083e-01 -1.47799922e-11
 -9.41585254e-04  3.24937234e-03  4.57652073e-05 -1.23714111e-05
  9.00519208e-06  2.53460379e-01  4.96298859e-01 -1.13389698e-01
  5.94497749e-01 -1.15326356e-01  1.47122271e-11]
   Error: 0.0078063314069337555

14. Eigenvalue: 1.180858194918533
   Eigenvector: [-2.92203674e-03 -5.05811776e-01  2.14620173e-01 -1.50850897e-11
 -9.61068040e-04  3.31673175e-03  4.67098840e-05 -1.58831089e-05
  7.83025294e-06  2.14632954e-01  5.06544615e-01 -1.15729985e-01
  6.06768827e-01 -1.17709692e-01  1.50159462e-11]
   Error: 0.005848811311936935

15. Eigenvalue: 1.1878054448406976
   Eigenvector: [-2.96483875e-03 -5.13232048e-01  1.80677702e-01 -1.53064385e-11
 -9.75211327e-04  3.36563866e-03  4.73952526e-05 -1.88573085e-05
  6.79961723e-06  1.80686302e-01  5.13978110e-01 -1.17427685e-01
  6.15671456e-01 -1.19439199e-01  1.52362954e-11]
   Error: 0.004278011041356241

16. Eigenvalue: 1.1929087215227019
   Eigenvector: [-2.99541203e-03 -5.18533815e-01  1.51448774e-01 -1.54645988e-11
 -9.85321986e-04  3.40061615e-03  4.78849643e-05 -2.13502005e-05
  5.90951818e-06  1.51459788e-01  5.19289655e-01 -1.18640720e-01
  6.22032544e-01 -1.20675280e-01  1.53937442e-11]
   Error: 0.0030741625966943

17. Eigenvalue: 1.1965872252141374
   Eigenvector: [-3.01700875e-03 -5.22280215e-01  1.26559234e-01 -1.55763657e-11
 -9.92471669e-04  3.42536097e-03  4.82310257e-05 -2.34247765e-05
  5.14973963e-06  1.26567266e-01  5.23043247e-01 -1.19497877e-01
  6.26527645e-01 -1.21549046e-01  1.55050098e-11]
   Error: 0.002181017654682645

18. Eigenvalue: 1.199202707490718
   Eigenvector: [-3.03214318e-03 -5.24906675e-01  1.05526454e-01 -1.56547261e-11
 -9.97488227e-04  3.44273282e-03  4.84736492e-05 -2.51440331e-05
  4.50641074e-06  1.05536147e-01  5.25674988e-01 -1.20098798e-01
  6.29679118e-01 -1.22161869e-01  1.55830204e-11]
   Error: 0.0015333376362537648

19. Eigenvalue: 1.2010443139400908
   Eigenvector: [-3.04268890e-03 -5.26737706e-01  8.78546470e-02 -1.57093591e-11
 -1.00098908e-03  3.45486388e-03  4.86428044e-05 -2.65649773e-05
  3.96499093e-06  8.78622489e-02  5.27509901e-01 -1.20517726e-01
  6.31876268e-01 -1.22589316e-01  1.56374107e-11]
   Error: 0.0010710985315981708

20. Eigenvalue: 1.2023321301191547
   Eigenvector: [-3.05000758e-03 -5.28009193e-01  7.30614560e-02 -1.57473002e-11
 -1.00342308e-03  3.46330484e-03  4.87602765e-05 -2.77380614e-05
  3.51114380e-06  7.30701982e-02  5.28784252e-01 -1.20808632e-01
  6.33402081e-01 -1.22886323e-01  1.56751843e-11]
   Error: 0.0007448529490686992

21. Eigenvalue: 1.2032283583102452
   Eigenvector: [-3.05507211e-03 -5.28889697e-01  6.07139008e-02 -1.57735773e-11
 -1.00511112e-03  3.46916439e-03  4.88416335e-05 -2.87058637e-05
  3.13189786e-06  6.07211886e-02  5.29666879e-01 -1.21010083e-01
  6.34458781e-01 -1.23092153e-01  1.57013463e-11]
   Error: 0.0005163610062424191

22. Eigenvalue: 1.2038499794970232
   Eigenvector: [-3.05856949e-03 -5.29498271e-01  5.04250411e-02 -1.57917414e-11
 -1.00627990e-03  3.47322616e-03  4.88978709e-05 -2.95044525e-05
  2.81558588e-06  5.04331119e-02  5.30277038e-01 -1.21149318e-01
  6.35189198e-01 -1.23234543e-01  1.57194316e-11]
   Error: 0.00035718554934522154

23. Eigenvalue: 1.2042801309571647
   Eigenvector: [-3.06098096e-03 -5.29918328e-01  4.18644573e-02 -1.58042809e-11
 -1.00708835e-03  3.47603957e-03  4.89366929e-05 -3.01634823e-05
  2.55220149e-06  4.18715213e-02  5.30698285e-01 -1.21245421e-01
  6.35693405e-01 -1.23332931e-01  1.57319173e-11]
   Error: 0.0002467072802792279

24. Eigenvalue: 1.2045773089489415
   Eigenvector: [-3.06264173e-03 -5.30207986e-01  3.47468776e-02 -1.58129294e-11
 -1.00764727e-03  3.47798781e-03  4.89634678e-05 -3.07076836e-05
  2.33307255e-06  3.47544794e-02  5.30988845e-01 -1.21311690e-01
  6.36041135e-01 -1.23400864e-01  1.57405291e-11]
   Error: 0.00017022340165971688

25. Eigenvalue: 1.2047823911058153
   Eigenvector: [-3.06378441e-03 -5.30407587e-01  2.88338848e-02 -1.58188904e-11
 -1.00803361e-03  3.47933713e-03  4.89819218e-05 -3.11572084e-05
  2.15093171e-06  2.88407913e-02  5.31189135e-01 -1.21357355e-01
  6.36280789e-01 -1.23447750e-01  1.57464653e-11]
   Error: 0.00011736684566159765

26. Eigenvalue: 1.2049238092125651
   Eigenvector: [-3.06456997e-03 -5.30545062e-01  2.39227720e-02 -1.58229971e-11
 -1.00830069e-03  3.48027214e-03  4.89946349e-05 -3.15287905e-05
  1.99958502e-06  2.39300482e-02  5.31327141e-01 -1.21388806e-01
  6.36445880e-01 -1.23480104e-01  1.57505554e-11]
   Error: 8.088295927520665e-05

27. Eigenvalue: 1.2050212748992686
   Eigenvector: [-3.06510960e-03 -5.30639711e-01  1.98457757e-02 -1.58258255e-11
 -1.00848539e-03  3.48092056e-03  4.90033901e-05 -3.18360398e-05
  1.87389716e-06  1.98525723e-02  5.31422201e-01 -1.21410459e-01
  6.36559566e-01 -1.23502429e-01  1.57533725e-11]
   Error: 5.572123599630902e-05

28. Eigenvalue: 1.205088423915734
   Eigenvector: [-3.06548001e-03 -5.30704854e-01  1.64612642e-02 -1.58277729e-11
 -1.00861320e-03  3.48137075e-03  4.90094180e-05 -3.20902594e-05
  1.76952569e-06  1.64683149e-02  5.31487665e-01 -1.21425361e-01
  6.36637832e-01 -1.23517836e-01  1.57553124e-11]
   Error: 3.837801919447931e-05

29. Eigenvalue: 1.2051346745974076
   Eigenvector: [-3.06573404e-03 -5.30749677e-01  1.36525533e-02 -1.58291136e-11
 -1.00870170e-03  3.48168376e-03  4.90135674e-05 -3.23006493e-05
  1.68288879e-06  1.36592735e-02  5.31532741e-01 -1.21435615e-01
  6.36691702e-01 -1.23528473e-01  1.57566481e-11]
   Error: 2.6428601671490382e-05

30. Eigenvalue: 1.205166525463457
   Eigenvector: [-3.06590809e-03 -5.30780510e-01  1.13214591e-02 -1.58300363e-11
 -1.00876306e-03  3.48190177e-03  4.90164232e-05 -3.24748632e-05
  1.61096922e-06  1.13283542e-02  5.31563776e-01 -1.21442668e-01
  6.36728773e-01 -1.23535818e-01  1.57575676e-11]
   Error: 1.8197741042509096e-05

31. Eigenvalue: 1.205188457170908
   Eigenvector: [-3.06602722e-03 -5.30801715e-01  9.38726517e-03 -1.58306714e-11
 -1.00880564e-03  3.48205393e-03  4.90183883e-05 -3.26191400e-05
  1.55128453e-06  9.39393255e-03  5.31585141e-01 -1.21447518e-01
  6.36754279e-01 -1.23540894e-01  1.57582006e-11]
   Error: 1.2529319776417036e-05

32. Eigenvalue: 1.2052035575516762
   Eigenvector: [-3.06610864e-03 -5.30816294e-01  7.78215809e-03 -1.58311084e-11
 -1.00883525e-03  3.48216040e-03  4.90197404e-05 -3.27386799e-05
  1.50174751e-06  7.78894577e-03  5.31599848e-01 -1.21450853e-01
  6.36771825e-01 -1.23544404e-01  1.57586362e-11]
   Error: 8.626102030503561e-06

33. Eigenvalue: 1.2052139538502107
   Eigenvector: [-3.06616421e-03 -5.30826314e-01  6.45044514e-03 -1.58314090e-11
 -1.00885587e-03  3.48223513e-03  4.90206705e-05 -3.28377286e-05
  1.46064308e-06  6.45707598e-03  5.31609972e-01 -1.21453144e-01
  6.36783893e-01 -1.23546833e-01  1.57589360e-11]
   Error: 5.938625116200781e-06

34. Eigenvalue: 1.2052211112065723
   Eigenvector: [-3.06620206e-03 -5.30833198e-01  5.34537078e-03 -1.58316158e-11
 -1.00887025e-03  3.48228775e-03  4.90213102e-05 -3.29198308e-05
  1.42653065e-06  5.35208441e-03  5.31616940e-01 -1.21454719e-01
  6.36792191e-01 -1.23548515e-01  1.57591424e-11]
   Error: 4.088334002768304e-06

35. Eigenvalue: 1.2052260385731668
   Eigenvector: [-3.06622778e-03 -5.30837926e-01  4.42855474e-03 -1.58317581e-11
 -1.00888032e-03  3.48232495e-03  4.90217501e-05 -3.29878845e-05
  1.39822720e-06  4.43516037e-03  5.31621736e-01 -1.21455800e-01
  6.36797895e-01 -1.23549682e-01  1.57592844e-11]
   Error: 2.8144876628401125e-06

36. Eigenvalue: 1.2052294306765303
   Eigenvector: [-3.06624520e-03 -5.30841171e-01  3.66778694e-03 -1.58318559e-11
 -1.00888739e-03  3.48235138e-03  4.90220525e-05 -3.30443125e-05
  1.37473958e-06  3.67444954e-03  5.31625036e-01 -1.21456542e-01
  6.36801815e-01 -1.23550493e-01  1.57593821e-11]
   Error: 1.9375244071538587e-06

37. Eigenvalue: 1.205231765842493
   Eigenvector: [-3.06625696e-03 -5.30843397e-01  3.03663301e-03 -1.58319232e-11
 -1.00889237e-03  3.48237024e-03  4.90222604e-05 -3.30910975e-05
  1.35525249e-06  3.04322125e-03  5.31627308e-01 -1.21457051e-01
  6.36804508e-01 -1.23551057e-01  1.57594493e-11]
   Error: 1.333802326988647e-06

38. Eigenvalue: 1.205233373385571
   Eigenvector: [-3.06626487e-03 -5.30844924e-01  2.51291197e-03 -1.58319694e-11
 -1.00889589e-03  3.48238379e-03  4.90224032e-05 -3.31298987e-05
  1.33908167e-06  2.51953942e-03  5.31628871e-01 -1.21457399e-01
  6.36806357e-01 -1.23551450e-01  1.57594955e-11]
   Error: 9.18191609763386e-07

39. Eigenvalue: 1.2052344800217583
   Eigenvector: [-3.06627015e-03 -5.30845969e-01  2.07842214e-03 -1.58320012e-11
 -1.00889839e-03  3.48239358e-03  4.90225012e-05 -3.31620751e-05
  1.32566550e-06  2.08499839e-03  5.31629947e-01 -1.21457638e-01
  6.36807626e-01 -1.23551725e-01  1.57595273e-11]
   Error: 6.320820973300182e-07

40. Eigenvalue: 1.2052352418293777
   Eigenvector: [-3.06627366e-03 -5.30846684e-01  1.71789174e-03 -1.58320230e-11
 -1.00890017e-03  3.48240070e-03  4.90225686e-05 -3.31887649e-05
  1.31453268e-06  1.72449498e-03  5.31630687e-01 -1.21457802e-01
  6.36808497e-01 -1.23551917e-01  1.57595492e-11]
   Error: 4.3512346428383774e-07

41. Eigenvalue: 1.2052357662557396
   Eigenvector: [-3.06627596e-03 -5.30847172e-01  1.41878941e-03 -1.58320380e-11
 -1.00890145e-03  3.48240593e-03  4.90226148e-05 -3.32109006e-05
  1.30529645e-06  1.42535740e-03  5.31631196e-01 -1.21457913e-01
  6.36809094e-01 -1.23552053e-01  1.57595642e-11]
   Error: 2.995371691358223e-07

42. Eigenvalue: 1.2052361272687573
   Eigenvector: [-3.06627745e-03 -5.30847505e-01  1.17060133e-03 -1.58320482e-11
 -1.00890238e-03  3.48240979e-03  4.90226464e-05 -3.32292638e-05
  1.29763227e-06  1.17718791e-03  5.31631546e-01 -1.21457989e-01
  6.36809502e-01 -1.23552148e-01  1.57595746e-11]
   Error: 2.0619987203993738e-07

43. Eigenvalue: 1.2052363757883438
   Eigenvector: [-3.06627841e-03 -5.30847732e-01  9.64700542e-04 -1.58320553e-11
 -1.00890305e-03  3.48241267e-03  4.90226681e-05 -3.32444950e-05
  1.29127383e-06  9.71262847e-04  5.31631787e-01 -1.21458041e-01
  6.36809782e-01 -1.23552216e-01  1.57595816e-11]
   Error: 1.4194682520939922e-07

44. Eigenvalue: 1.2052365468678452
   Eigenvector: [-3.06627900e-03 -5.30847886e-01  7.93849124e-04 -1.58320601e-11
 -1.00890355e-03  3.48241483e-03  4.90226829e-05 -3.32571314e-05
  1.28599767e-06  8.00424222e-04  5.31631953e-01 -1.21458076e-01
  6.36809972e-01 -1.23552264e-01  1.57595865e-11]
   Error: 9.771533325557418e-08

45. Eigenvalue: 1.2052366646379475
   Eigenvector: [-3.06627936e-03 -5.30847990e-01  6.52108188e-04 -1.58320634e-11
 -1.00890391e-03  3.48241647e-03  4.90226931e-05 -3.32676133e-05
  1.28162043e-06  6.58666577e-04  5.31632067e-01 -1.21458100e-01
  6.36810102e-01 -1.23552299e-01  1.57595899e-11]
   Error: 6.726661474111701e-08

46. Eigenvalue: 1.2052367457101434
   Eigenvector: [-3.06627956e-03 -5.30848061e-01  5.34495110e-04 -1.58320657e-11
 -1.00890419e-03  3.48241773e-03  4.90227000e-05 -3.32763098e-05
  1.27798827e-06  5.41062305e-04  5.31632145e-01 -1.21458116e-01
  6.36810191e-01 -1.23552324e-01  1.57595922e-11]
   Error: 4.6305896995760125e-08

47. Eigenvalue: 1.2052368015197146
   Eigenvector: [-3.06627966e-03 -5.30848108e-01  4.36921551e-04 -1.58320672e-11
 -1.00890439e-03  3.48241869e-03  4.90227047e-05 -3.32835239e-05
  1.27497495e-06  4.43477243e-04  5.31632199e-01 -1.21458127e-01
  6.36810251e-01 -1.23552342e-01  1.57595937e-11]
   Error: 3.1876670287258216e-08

48. Eigenvalue: 1.205236839938652
   Eigenvector: [-3.06627970e-03 -5.30848139e-01  3.55957479e-04 -1.58320682e-11
 -1.00890455e-03  3.48241945e-03  4.90227079e-05 -3.32895095e-05
  1.27247456e-06  3.62519233e-04  5.31632235e-01 -1.21458134e-01
  6.36810292e-01 -1.23552355e-01  1.57595948e-11]
   Error: 2.194368385390501e-08

49. Eigenvalue: 1.2052368663859887
   Eigenvector: [-3.06627971e-03 -5.30848160e-01  2.88788494e-04 -1.58320690e-11
 -1.00890467e-03  3.48242004e-03  4.90227100e-05 -3.32944750e-05
  1.27040018e-06  2.95342328e-04  5.31632261e-01 -1.21458138e-01
  6.36810319e-01 -1.23552365e-01  1.57595956e-11]
   Error: 1.5105881790497596e-08

-------------------- 11 --------------------
1. Eigenvalue: 3.872983346207417
   Eigenvector: [0.25819889 0.25819889 0.25819889 0.25819889 0.25819889 0.25819889
 0.25819889 0.25819889 0.25819889 0.25819889 0.25819889 0.25819889
 0.25819889 0.25819889 0.25819889]
   Error: 9.288308632941101

2. Eigenvalue: 0.37644509747762633
   Eigenvector: [ 3.42551609e-04  4.61597191e-02  6.85812180e-01 -1.96233652e-06
  1.55806768e-03 -7.04303516e-05 -2.41063711e-05  8.50372366e-05
  1.97498047e-05  6.85848921e-01 -4.56750261e-02 -1.67062694e-01
  1.22453410e-02 -1.64297088e-01 -2.61643504e-06]
   Error: 0.6127834936459895

3. Eigenvalue: 0.9721824645911752
   Eigenvector: [-9.75186344e-05 -1.27771980e-02  7.05431117e-01  8.49292777e-12
 -8.41239272e-04  1.22201712e-05  6.68551018e-06  4.26853040e-05
  2.22055518e-05  7.05435684e-01  1.25732612e-02  4.84109357e-02
 -3.78431336e-03  4.52485553e-02  7.50502075e-12]
   Error: 0.025666987556627094

4. Eigenvalue: 0.9977927999721525
   Eigenvector: [ 2.68905751e-05  3.76232945e-03  7.06968963e-01 -5.56713044e-13
  2.40299204e-04 -1.11127618e-05 -1.84089252e-06  5.47866161e-05
  2.17084634e-05  7.06991611e-01 -3.76434654e-03 -1.36938684e-02
  7.12649709e-04 -1.18882039e-02  5.79912846e-13]
   Error: 0.0020204622490610385

5. Eigenvalue: 0.9998128841607241
   Eigenvector: [-7.59306796e-06 -7.86286636e-04  7.07092705e-01  1.59477917e-13
 -6.68147828e-05 -4.63842076e-06  4.71144403e-07  5.16026399e-05
  2.18748444e-05  7.07101296e-01  7.25620313e-04  3.97105818e-03
 -5.24824986e-04  3.23539524e-03 -1.70317353e-13]
   Error: 0.00015306897930581742

6. Eigenvalue: 0.999965947927714
   Eigenvector: [ 1.97792369e-06  4.63735773e-04  7.07095197e-01 -3.45108136e-14
  2.07288882e-05 -6.43987570e-06 -1.52628559e-07  5.24437132e-05
  2.18257275e-05  7.07116806e-01 -5.07200306e-04 -1.08980712e-03
 -1.84590077e-04 -7.12320632e-04  3.86026761e-14]
   Error: 1.1616231185151052e-05

7. Eigenvalue: 0.9999775638982762
   Eigenvector: [-6.88147808e-07  1.19885492e-04  7.07102227e-01  1.78558527e-14
 -4.46054582e-06 -5.93667119e-06  1.48661299e-08  5.22258335e-05
  2.18410704e-05  7.07111084e-01 -1.68465464e-04  3.75060226e-04
 -2.78244251e-04  3.00127414e-04 -1.98319817e-14]
   Error: 8.884032728785671e-07

8. Eigenvalue: 0.999978452282406
   Eigenvector: [ 5.79765932e-08  2.14601123e-04  7.07095943e-01  3.78155687e-15
  2.86830579e-06 -6.07797347e-06 -2.98308977e-08  5.22809826e-05
  2.18361486e-05  7.07117487e-01 -2.61636814e-04 -5.40626218e-05
 -2.52424834e-04  4.71166202e-05 -3.39573882e-15]
   Error: 6.881827839925016e-08

9. Eigenvalue: 0.9999785210992063
   Eigenvector: [-1.52046365e-07  1.88464855e-04  7.07102282e-01  7.54204147e-15
  7.08704309e-07 -6.03805609e-06 -1.80035397e-08  5.22677034e-05
  2.18378463e-05  7.07111154e-01 -2.35974431e-04  7.33597423e-05
 -2.59557158e-04  1.07834541e-04 -8.05081920e-15]
   Error: 5.4381954309388155e-09

10. Eigenvalue: 0.9999785265372849
   Eigenvector: [-9.25038574e-08  1.95693322e-04  7.07095948e-01  6.54529289e-15
  1.35416093e-06 -6.04940114e-06 -2.10967636e-08  5.22704763e-05
  2.18371660e-05  7.07117489e-01 -2.43054878e-04  3.49565760e-05
 -2.57582040e-04  9.42363242e-05 -6.72139571e-15]
   Error: 4.4274158022356026e-10

11. Eigenvalue: 0.999978526980017
   Eigenvector: [-1.09534579e-07  1.93688419e-04  7.07102283e-01  6.80657330e-15
  1.15825946e-06 -6.04616746e-06 -2.03011457e-08  5.22702420e-05
  2.18375203e-05  7.07111155e-01 -2.41097166e-04  4.67156736e-05
 -2.58130633e-04  9.68887548e-05 -7.10482545e-15]
   Error: 3.7588961958037513e-11

12. Eigenvalue: 0.9999785270176051
   Eigenvector: [-1.04607888e-07  1.94246528e-04  7.07095948e-01  6.73916208e-15
  1.21868857e-06 -6.04707812e-06 -2.05008223e-08  5.22699007e-05
  2.18372721e-05  7.07117489e-01 -2.41639798e-04  4.30555012e-05
 -2.57977772e-04  9.65416288e-05 -6.99295992e-15]
   Error: 3.3692661610115697e-12

13. Eigenvalue: 0.9999785270209743
   Eigenvector: [-1.06056015e-07  1.94090444e-04  7.07102283e-01  6.75614248e-15
  1.19973552e-06 -6.04683967e-06 -2.04525998e-08  5.22703573e-05
  2.18374854e-05  7.07111154e-01 -2.41489054e-04  4.42136804e-05
 -2.58020453e-04  9.65022137e-05 -7.02602592e-15]
   Error: 3.2152749208443565e-13

14. Eigenvalue: 0.9999785270212959
   Eigenvector: [-1.05618571e-07  1.94134361e-04  7.07095948e-01  6.75203323e-15
  1.20578080e-06 -6.04688126e-06 -2.04634959e-08  5.22698841e-05
  2.18372837e-05  7.07117489e-01 -2.41530922e-04  4.38412454e-05
 -2.58008588e-04  9.65609178e-05 -7.01610930e-15]
   Error: 3.2974331888492485e-14

-------------------- 12 --------------------
1. Eigenvalue: 3.872983346207417
   Eigenvector: [0.25819889 0.25819889 0.25819889 0.25819889 0.25819889 0.25819889
 0.25819889 0.25819889 0.25819889 0.25819889 0.25819889 0.25819889
 0.25819889 0.25819889 0.25819889]
   Error: 43.2542135374059

2. Eigenvalue: -0.09165910383774686
   Eigenvector: [ 1.40728507e-03  1.88805283e-01 -3.88467125e-05 -8.05934089e-06
  6.39420835e-03 -2.65171071e-04 -9.89236647e-05  1.41034757e-04
 -5.87493923e-06  7.67134887e-05 -1.86625838e-01 -6.86303716e-01
  5.13195368e-02 -6.75154725e-01 -1.07457317e-05]
   Error: 0.6659894290275103

3. Eigenvalue: -0.274419769323098
   Eigenvector: [-1.41734682e-03 -1.88724093e-01  1.04855361e-04  1.23472780e-10
 -1.22573861e-02  2.65574519e-04  9.75701598e-05 -1.37655841e-04
  6.10954349e-06 -1.41388843e-04  1.86444831e-01  7.03734154e-01
 -5.13160363e-02  6.56958191e-01  1.09298776e-10]
   Error: 0.001679968459011432

4. Eigenvalue: -0.2748815616766786
   Eigenvector: [ 1.42579549e-03  1.88454807e-01 -3.46487667e-04 -2.97591028e-11
  1.26276923e-02 -2.67608032e-04 -9.61453405e-05  1.33389945e-04
 -6.60724716e-06  3.81276602e-04 -1.86058517e-01 -7.25554882e-01
  5.12625229e-02 -6.32967160e-01  3.09984193e-11]
   Error: 0.0027313273313483953

5. Eigenvalue: -0.27563440947273155
   Eigenvector: [-1.43438864e-03 -1.87821654e-01  1.22437107e-03  2.92583040e-11
 -1.30307472e-02  2.69806122e-04  9.41792880e-05 -1.27691273e-04
  7.25237929e-06 -1.25685911e-03  1.85279454e-01  7.52338810e-01
 -5.11154741e-02  6.01326067e-01 -3.12839907e-11]
   Error: 0.0044425043716697634

6. Eigenvalue: -0.27686438069432573
   Eigenvector: [ 1.44172343e-03  1.86549792e-01 -4.39261881e-03 -2.85511485e-11
  1.35094803e-02 -2.71909774e-04 -9.14490800e-05  1.19987861e-04
 -8.11666796e-06  4.42204276e-03 -1.83828598e-01 -7.84458868e-01
  5.08013199e-02 -5.59666152e-01  3.15662003e-11]
   Error: 0.007248705514614702

7. Eigenvalue: -0.27888594276559925
   Eigenvector: [-1.44499066e-03 -1.84184668e-01  1.57250104e-02  2.75462110e-11
 -1.40542979e-02  2.73377591e-04  8.76467841e-05 -1.09284087e-04
  9.39517025e-06 -1.57502445e-02  1.81249670e-01  8.21515714e-01
 -5.01973423e-02  5.05095706e-01 -3.17899820e-11]
   Error: 0.013459492898088229

8. Eigenvalue: -0.2826908178204078
   Eigenvector: [ 1.43668817e-03  1.79702613e-01 -5.56063868e-02 -2.60756193e-11
  1.46034030e-02 -2.72666864e-04 -8.22248775e-05  9.32696352e-05
 -1.16912962e-05  5.56254622e-02 -1.76528321e-01 -8.60013281e-01
  4.90246442e-02 -4.33724323e-01  3.17928309e-11]
   Error: 0.04565625507521487

9. Eigenvalue: -0.2962148799358323
   Eigenvector: [-1.37260090e-03 -1.67682261e-01  1.87712688e-01  2.33820208e-11
 -1.46831206e-02  2.60883419e-04  7.28243370e-05 -6.46866665e-05
  1.66227956e-05 -1.87721230e-01  1.64346067e-01  8.71829887e-01
 -4.57996921e-02  3.34656834e-01 -3.05866349e-11]
   Error: 0.23579820230838638

10. Eigenvalue: -0.387613429895865
   Eigenvector: [ 1.01081599e-03  1.19896635e-01 -4.84282748e-01 -1.58587587e-11
  1.14541280e-02 -1.90853728e-04 -4.85419477e-05  9.25436272e-06
 -2.40692450e-05  4.84273562e-01 -1.17157749e-01 -6.86070342e-01
  3.27877045e-02 -1.75921548e-01  2.27020288e-11]
   Error: 0.4610698673985689

11. Eigenvalue: -0.7192276075283525
   Eigenvector: [-4.05738562e-04 -4.63618254e-02  6.73351761e-01  5.71225382e-12
 -4.89352815e-03  7.37833960e-05  1.70516988e-05  3.77536485e-05
  2.49850846e-05 -6.73331150e-01  4.51100291e-02  2.95752791e-01
 -1.26849522e-02  3.71953655e-02 -9.18230462e-12]
   Error: 0.248455570109714

12. Eigenvalue: -0.9569994519596782
   Eigenvector: [ 1.24477117e-04  1.35332198e-02 -7.03623212e-01 -1.51230452e-12
  1.59764574e-03 -1.93232465e-05 -4.34822294e-06 -5.04643527e-05
 -2.31945305e-05  7.03600928e-01 -1.30757645e-02 -9.74146997e-02
  3.69176954e-03  4.02480350e-04  2.82690657e-12]
   Error: 0.03876369593842208

13. Eigenvalue: -0.9955922887181877
   Eigenvector: [-3.78679009e-05 -3.81995691e-03  7.06754026e-01  3.70597626e-13
 -5.10044723e-04  2.46506617e-06  1.00449609e-06  5.24851624e-05
  2.23231828e-05 -7.06731970e-01  3.63677886e-03  3.13519465e-02
 -1.02475408e-03 -4.07329147e-03 -8.48529611e-13]
   Error: 0.0039735611046112776

14. Eigenvalue: -0.9995641178183157
   Eigenvector: [ 1.23103175e-05  1.08348656e-03 -7.07077674e-01 -8.34970482e-14
  1.65163205e-04  2.54876503e-06 -2.04490289e-07 -5.25650368e-05
 -2.20051295e-05  7.07055884e-01 -9.90917562e-04 -1.02148854e-02
  2.71232295e-04  2.55654953e-03  2.57643164e-13]
   Error: 0.00040766681296797045

15. Eigenvalue: -0.9999717731241231
   Eigenvector: [-4.70665373e-06 -3.12134052e-04  7.07112944e-01  1.44997832e-14
 -5.46600848e-05 -4.05430618e-06  2.80276287e-08  5.24286353e-05
  2.18946403e-05 -7.07091297e-01  2.49703238e-04  3.38457993e-03
 -5.80802786e-05 -1.24804554e-03 -7.95054723e-14]
   Error: 4.407443586516308e-05

16. Eigenvalue: -1.0000158482584913
   Eigenvector: [ 2.41166653e-06  9.32500381e-05 -7.07116988e-01  9.78105035e-16
  1.87347980e-05  4.51333006e-06  5.18737283e-09 -5.23362786e-05
 -2.18565338e-05  7.07095402e-01 -4.09510325e-05 -1.14652099e-03
 -2.66360804e-06  5.73883631e-04  2.49752312e-14]
   Error: 4.9938702357834965e-06

17. Eigenvalue: -1.0000208422328105
   Eigenvector: [-1.70791204e-06 -3.05999241e-05  7.07117474e-01 -4.00834911e-15
 -6.89275152e-06 -4.65557870e-06 -8.93958246e-09  5.22916315e-05
  2.18433638e-05 -7.07095915e-01 -1.82600077e-05  4.03581375e-04
  2.01383239e-05 -2.77545029e-04 -8.00850605e-15]
   Error: 5.859351375086614e-07

18. Eigenvalue: -1.0000214281805035
   Eigenvector: [ 1.48854263e-06  1.24830405e-05 -7.07117537e-01  4.41089675e-15
  2.94065186e-06  4.70039101e-06  8.07724539e-09 -5.22725687e-05
 -2.18387941e-05  7.07095987e-01  3.51999775e-05 -1.54106292e-04
 -2.52214670e-05  1.56868993e-04  2.64233175e-15]
   Error: 7.041565914358124e-08

19. Eigenvalue: -1.0000214985976765
   Eigenvector: [-1.41903610e-06 -7.18149231e-06  7.07117546e-01 -4.37002441e-15
 -1.60740984e-06 -4.71473630e-06 -7.17264009e-09  5.22649310e-05
  2.18372025e-05 -7.07096000e-01 -4.00960270e-05  6.95016151e-05
  2.67189578e-05 -1.09838569e-04 -9.18016922e-16]
   Error: 8.595664052934035e-09

20. Eigenvalue: -1.0000215071935254
   Eigenvector: [ 1.39666319e-06  5.60913450e-06 -7.07117548e-01  4.30538462e-15
  1.15349271e-06  4.71939863e-06  6.68845871e-09 -5.22619843e-05
 -2.18366462e-05  7.07096003e-01  4.15278976e-05 -4.05694792e-05
 -2.71664036e-05  9.20119041e-05  3.55636332e-16]
   Error: 1.0596864172685295e-09

21. Eigenvalue: -1.0000215082532347
   Eigenvector: [-1.38935478e-06 -5.13585830e-06  7.07117548e-01 -4.26877729e-15
 -9.97760740e-07 -4.72093514e-06 -6.47221738e-09  5.22608749e-05
  2.18364513e-05 -7.07096004e-01 -4.19522833e-05  3.06070292e-05
  2.73021658e-05 -8.53796113e-05 -1.69713833e-16]
   Error: 1.314398074965046e-10

22. Eigenvalue: -1.0000215083846773
   Eigenvector: [ 1.38693519e-06  4.99113712e-06 -7.07117548e-01  4.25206437e-15
  9.43992733e-07  4.72144783e-06  6.38340672e-09 -5.22604640e-05
 -2.18363829e-05  7.07096004e-01  4.20799294e-05 -2.71571521e-05
 -2.73440281e-05  8.29440061e-05  1.07504528e-16]
   Error: 1.6363891332627577e-11

23. Eigenvalue: -1.0000215084010415
   Eigenvector: [-1.38612459e-06 -4.94615422e-06  7.07117548e-01 -4.24512149e-15
 -9.25333156e-07 -4.72162076e-06 -6.34861611e-09  5.22603136e-05
  2.18363588e-05 -7.07096004e-01 -4.21189318e-05  2.59570380e-05
  2.73571502e-05 -8.20578720e-05 -8.64715896e-17]
   Error: 2.0421003091789257e-12

24. Eigenvalue: -1.0000215084030837
   Eigenvector: [ 1.38585024e-06  4.93194146e-06 -7.07117548e-01  4.24238309e-15
  9.18830732e-07  4.72167963e-06  6.33538442e-09 -5.22602590e-05
 -2.18363504e-05  7.07096005e-01  4.21310452e-05 -2.55380245e-05
 -2.73613306e-05  8.17376643e-05  7.92973080e-17]
   Error: 2.5512376375404885e-13

25. Eigenvalue: -1.0000215084033388
   Eigenvector: [-1.38575657e-06 -4.92737884e-06  7.07117548e-01 -4.24133701e-15
 -9.16557301e-07 -4.72169982e-06 -6.33045030e-09  5.22602393e-05
  2.18363474e-05 -7.07096005e-01 -4.21348696e-05  2.53913028e-05
  2.73626832e-05 -8.16225391e-05 -7.68321153e-17]
   Error: 3.1973735405206146e-14

-------------------- 13 --------------------
1. Eigenvalue: 3.872983346207417
   Eigenvector: [0.25819889 0.25819889 0.25819889 0.25819889 0.25819889 0.25819889
 0.25819889 0.25819889 0.25819889 0.25819889 0.25819889 0.25819889
 0.25819889 0.25819889 0.25819889]
   Error: 43.25421356430985

2. Eigenvalue: -0.09165910377938602
   Eigenvector: [ 1.40728502e-03  1.88805283e-01 -1.36074022e-05 -8.05934089e-06
  6.39420832e-03 -2.65171239e-04 -9.89236650e-05  1.41036622e-04
 -5.87415983e-06  5.14749474e-05 -1.86625840e-01 -6.86303715e-01
  5.13195378e-02 -6.75154728e-01 -1.07457317e-05]
   Error: 0.6659894266292201

3. Eigenvalue: -0.2744197671779591
   Eigenvector: [-1.41734666e-03 -1.88724094e-01  1.29007283e-05  1.23472782e-10
 -1.22573861e-02  2.65575135e-04  9.75701615e-05 -1.37662638e-04
  6.10670391e-06 -4.94370121e-05  1.86444838e-01  7.03734156e-01
 -5.13160402e-02  6.56958207e-01  1.09298777e-10]
   Error: 0.0016798730070430425

4. Eigenvalue: -0.2748815332457933
   Eigenvector: [ 1.42579499e-03  1.88454826e-01 -1.19808444e-05 -2.97591081e-11
  1.26276933e-02 -2.67610296e-04 -9.61453543e-05  1.33414682e-04
 -6.59691806e-06  4.67799744e-05 -1.86058558e-01 -7.25554951e-01
  5.12625416e-02 -6.32967269e-01  3.09984228e-11]
   Error: 0.002730073370194989

5. Eigenvalue: -0.2756340343829817
   Eigenvector: [-1.43438837e-03 -1.87821922e-01  1.07864963e-05  2.92583544e-11
 -1.30307648e-02  2.69814623e-04  9.41794375e-05 -1.27781152e-04
  7.21491347e-06 -4.33115554e-05  1.85279799e-01  7.52339875e-01
 -5.11155963e-02  6.01327093e-01 -3.12840366e-11]
   Error: 0.0044261969446425945

6. Eigenvalue: -0.2768594689184037
   Eigenvector: [ 1.44174254e-03  1.86553345e-01 -9.24381859e-06 -2.85517233e-11
  1.35097342e-02 -2.71944268e-04 -9.14508763e-05  1.20314131e-04
 -7.98145924e-06  3.88018850e-05 -1.83832391e-01 -7.84473783e-01
  5.08024656e-02 -5.59677411e-01  3.15668063e-11]
   Error: 0.007040061218235311

7. Eigenvalue: -0.2788223956528145
   Eigenvector: [-1.44531696e-03 -1.84230076e-01  7.27187719e-06  2.75531128e-11
 -1.40577508e-02  2.73550131e-04  8.76685850e-05 -1.10473016e-04
  8.91199595e-06 -3.29911689e-05  1.81295400e-01  8.21718172e-01
 -5.02103560e-02  5.05222344e-01 -3.17978366e-11]
   Error: 0.010865382727191883

8. Eigenvalue: -0.28188518608475105
   Eigenvector: [ 1.44104102e-03  1.80260354e-01 -4.79799544e-06 -2.61569407e-11
  1.46486868e-02 -2.73886155e-04 -8.24807548e-05  9.76813716e-05
 -1.00052536e-05  2.56319342e-05 -1.77079915e-01 -8.62682357e-01
  4.91790657e-02 -4.35077839e-01  3.18915687e-11]
   Error: 0.0160192654684087

9. Eigenvalue: -0.28647429384777345
   Eigenvector: [-1.42329804e-03 -1.73920875e-01  1.78863966e-06  2.42533050e-11
 -1.52292724e-02  2.71891755e-04  7.55360958e-05 -8.14830770e-05
  1.12290071e-05 -1.65803558e-05  1.70473489e-01  9.04266376e-01
 -4.75115730e-02  3.47132895e-01 -3.17248364e-11]
   Error: 0.022107579254643808

10. Eigenvalue: -0.29295072522335414
   Eigenvector: [ 1.38591431e-03  1.64538294e-01  1.70590303e-06 -2.17681207e-11
  1.57184775e-02 -2.66360460e-04 -6.66236134e-05  6.18197217e-05
 -1.25080486e-05  5.93639120e-06 -1.60823754e-01 -9.41520731e-01
  4.50226843e-02 -2.41506667e-01  3.11555840e-11]
   Error: 0.02791044593067007

11. Eigenvalue: -0.3013618693843723
   Eigenvector: [-1.32459111e-03 -1.51833238e-01 -5.51494280e-06  1.87225359e-11
 -1.60248876e-02  2.56388852e-04  5.58690587e-05 -3.93402417e-05
  1.37280696e-05  5.82861568e-06  1.47880019e-01  9.68598339e-01
 -4.16322888e-02  1.22080123e-01 -3.00745099e-11]
   Error: 0.03156771579310361

12. Eigenvalue: -0.31118527779273125
   Eigenvector: [ 1.23992326e-03  1.36265761e-01  9.36034114e-06 -1.52753891e-11
  1.60833212e-02 -2.41961009e-04 -4.38614645e-05  1.54886028e-05
 -1.47671203e-05 -1.78863619e-05 -1.32129677e-01 -9.80968595e-01
  3.74600904e-02  3.23658648e-03  2.84736289e-11]
   Error: 0.03158305134609672

13. Eigenvalue: -0.32133398555785075
   Eigenvector: [-1.13856332e-03 -1.19060093e-01 -1.29391991e-05  1.16979366e-11
 -1.58889920e-02  2.24210207e-04  3.15458177e-05  7.85726737e-06
  1.55432146e-05  2.92872004e-05  1.14811407e-01  9.77646154e-01
 -3.28341812e-02 -1.24575839e-01 -2.64786683e-11]
   Error: 0.027949674301891003

14. Eigenvalue: -0.33057340454782985
   Eigenvector: [ 1.03090718e-03  1.01778374e-01  1.60294947e-05 -8.27934387e-12
  1.54992406e-02 -2.05024781e-04 -1.98937772e-05 -2.90401272e-05
 -1.60429710e-05 -3.92912892e-05 -9.74838466e-02 -9.61538306e-01
  2.81768056e-02  2.33552740e-01  2.43053470e-11]
   Error: 0.022155942341617198

15. Eigenvalue: -0.3380635204139249
   Eigenvector: [-9.26964258e-04 -8.57499330e-02 -1.85425850e-05  5.23094979e-12
 -1.50015488e-02  1.86281299e-04  9.58941907e-06  4.71003262e-05
  1.63106311e-05  4.75567946e-05  8.14599739e-02  9.37658371e-01
 -2.38494706e-02 -3.25596772e-01 -2.21709463e-11]
   Error: 0.016063987335318396

16. Eigenvalue: -0.3435828306541866
   Eigenvector: [ 8.33500646e-04  7.17560435e-02  2.05025589e-05 -2.65057850e-12
  1.44767199e-02 -1.69287504e-04 -9.26329309e-07 -6.18161640e-05
 -1.64144551e-05 -5.41014025e-05 -6.75012931e-02 -9.10881782e-01
  2.00663061e-02  3.99970076e-01  2.02287761e-11]
   Error: 0.01090040108441025

17. Eigenvalue: -0.3473692952973365
   Eigenvector: [-7.53572672e-04 -6.00481462e-02 -2.19929589e-05  5.43466140e-13
 -1.39799950e-02  1.54668056e-04 -6.10890198e-06  7.34568181e-05
  1.64184505e-05  5.91482580e-05  5.58427756e-02  8.84696594e-01
 -1.68978820e-02 -4.58373387e-01 -1.85536528e-11]
   Error: 0.007064791614165944

18. Eigenvalue: -0.3498408479864841
   Eigenvector: [ 6.87502542e-04  5.05280171e-02  2.31119112e-05  1.13771692e-12
  1.35402351e-02 -1.42530521e-04  1.16971901e-05 -8.25046520e-05
 -1.63701434e-05 -6.29853644e-05 -4.63751936e-02 -8.61051040e-01
  1.43194873e-02  5.03486323e-01  1.71603040e-11]
   Error: 0.004442572447399852

19. Eigenvalue: -0.35140197672625
   Eigenvector: [-6.34098820e-04 -4.29280799e-02 -2.39482667e-05 -2.46010132e-12
 -1.31672227e-02  1.32688096e-04 -1.60773188e-05  8.94718736e-05
  1.63000153e-05  6.58852617e-05  3.88247934e-02  8.40733909e-01
 -1.22599066e-02 -5.38044789e-01 -1.60288626e-11]
   Error: 0.0027404927457672407

20. Eigenvalue: -0.35236763768115836
   Eigenvector: [ 5.91560500e-04  3.69313358e-02  2.45736946e-05  3.49158344e-12
  1.28595883e-02 -1.24829151e-04  1.94843528e-05 -9.48143631e-05
 -1.62255443e-05 -6.80744457e-05 -3.28717370e-02 -8.23829118e-01
  1.06340370e-02  5.64430932e-01  1.51244999e-11]
   Error: 0.0016704785973350412

21. Eigenvalue: -0.35295724520504773
   Eigenvector: [-5.57998555e-04 -3.22340048e-02 -2.50428068e-05 -4.29235617e-12
 -1.26105929e-02  1.18617223e-04 -2.21235260e-05  9.89057793e-05
  1.61556762e-05  6.97296021e-05  2.82114002e-02  8.10060870e-01
 -9.36001708e-03 -5.84567785e-01 -1.44091106e-11]
   Error: 0.0010108352356061234

22. Eigenvalue: -0.3533143878375205
   Eigenvector: [ 5.31683660e-04  2.85712410e-02  2.53961084e-05  4.91243650e-12
  1.24116195e-02 -1.13739861e-04  2.41636509e-05 -1.02039958e-04
 -1.60942680e-05 -7.09843801e-05 -2.45791482e-02 -7.99008763e-01
  8.36632170e-03  5.99950156e-01  1.38470842e-11]
   Error: 0.0006089681626989161

23. Eigenvalue: -0.3535296761548681
   Eigenvector: [-5.11135985e-04 -2.57233003e-02 -2.56633258e-05 -5.39197966e-12
 -1.22540214e-02  1.09927388e-04 -2.57392665e-05  1.04443258e-04
  1.60423672e-05  7.19385334e-05  2.17559303e-02  7.90225721e-01
 -7.59352147e-03 -6.11719043e-01 -1.34075697e-11]
   Error: 0.00036588701607875136

24. Eigenvalue: -0.3536590754186822
   Eigenvector: [ 4.95135895e-04  2.35128691e-02  2.58662421e-05  5.76262435e-12
  1.21299716e-02 -1.06956277e-04  2.69557972e-05 -1.06288431e-04
 -1.59995968e-05 -7.26662331e-05 -1.95652858e-02 -7.83295207e-01
  6.99361405e-03  6.20738787e-01  1.30649328e-11]
   Error: 0.00021948287710325763

25. Eigenvalue: -0.3537367145705332
   Eigenvector: [-4.82700327e-04 -2.17991805e-02 -2.60208734e-05 -6.04904575e-12
 -1.20327636e-02  1.04645637e-04 -2.78951199e-05  1.07706884e-04
  1.59649492e-05  7.32226979e-05  1.78672952e-02  7.77854200e-01
 -6.52846312e-03 -6.27662910e-01 -1.27983933e-11]
   Error: 0.00013153304302896345

26. Eigenvalue: -0.35378324875781497
   Eigenvector: [ 4.73047709e-04  2.04715639e-02  2.61390622e-05  6.27038386e-12
  1.19568357e-02 -1.02851235e-04  2.86205386e-05 -1.08798562e-04
 -1.59372163e-05 -7.36491900e-05 -1.65520543e-02 -7.73598314e-01
  6.16806962e-03  6.32986041e-01  1.25913617e-11]
   Error: 7.878030232480288e-05

27. Eigenvalue: -0.3538111221049803
   Eigenvector: [-4.65562062e-04 -1.94435240e-02 -2.62296206e-05 -6.44144423e-12
 -1.18976703e-02  1.01459156e-04 -2.91808986e-05  1.09639585e-04
  1.59152083e-05  7.39766869e-05  1.55337256e-02  7.70278437e-01
 -5.88897792e-03 -6.37083433e-01 -1.24307238e-11]
   Error: 4.716825211142456e-05

28. Eigenvalue: -0.35382781154439924
   Eigenvector: [ 4.59760668e-04  1.86477062e-02  2.62991481e-05  6.57366496e-12
  1.18516479e-02 -1.00379985e-04  2.96138614e-05 -1.10288047e-04
 -1.58978528e-05 -7.42285566e-05 -1.47455020e-02 -7.67693925e-01
  5.67291719e-03  6.40240569e-01  1.23061789e-11]
   Error: 2.823525542930825e-05

29. Eigenvalue: -0.3538378022451262
   Eigenvector: [-4.55266675e-04 -1.80317807e-02 -2.63526151e-05 -6.67587846e-12
 -1.18158960e-02  9.95438335e-05 -2.99484645e-05  1.10788381e-04
  1.58842296e-05  7.44225050e-05  1.41355000e-02  7.65684925e-01
 -5.50568885e-03 -6.42675248e-01 -1.22096714e-11]
   Error: 1.6899725820635072e-05

30. Eigenvalue: -0.35384378210802714
   Eigenvector: [ 4.51786634e-04  1.75551498e-02  2.63937845e-05  6.75490461e-12
  1.17881502e-02 -9.88962280e-05  3.02071025e-05 -1.11174637e-04
 -1.58735732e-05 -7.45720005e-05 -1.36634804e-02 -7.64125059e-01
  5.37627552e-03  6.44554049e-01  1.21349203e-11]
   Error: 1.0114287030125759e-05

31. Eigenvalue: -0.35384736102180137
   Eigenvector: [-4.49092452e-04 -1.71863467e-02 -2.64255170e-05 -6.81601011e-12
 -1.17666338e-02  9.83947987e-05 -3.04070538e-05  1.11472958e-04
  1.58652593e-05  7.46873226e-05  1.32982617e-02  7.62914963e-01
 -5.27613656e-03 -6.46004662e-01 -1.20770387e-11]
   Error: 6.053012134816343e-06

32. Eigenvalue: -0.3538495028771362
   Eigenvector: [ 4.47007058e-04  1.69009967e-02  2.64499954e-05  6.86326308e-12
  1.17499578e-02 -9.80066352e-05  3.05616550e-05 -1.11703443e-04
 -1.58587859e-05 -7.47763380e-05 -1.30156949e-02 -7.61976823e-01
  5.19865553e-03  6.47125144e-01  1.20322299e-11]
   Error: 3.6223986009726567e-06

33. Eigenvalue: -0.3538507846657235
   Eigenvector: [-4.45393114e-04 -1.66802265e-02 -2.64688898e-05 -6.89980659e-12
 -1.17370388e-02  9.77062016e-05 -3.06812044e-05  1.11881568e-04
  1.58537530e-05  7.48450812e-05  1.27970839e-02  7.61249885e-01
 -5.13870889e-03 -6.47990914e-01 -1.19975473e-11]
   Error: 2.1677739933660815e-06

34. Eigenvalue: -0.35385155173591487
   Eigenvector: [ 4.44144173e-04  1.65094264e-02  2.64834812e-05  6.92806954e-12
  1.17270338e-02 -9.74736985e-05  3.07736570e-05 -1.12019256e-04
 -1.58498447e-05 -7.48981891e-05 -1.26279579e-02 -7.60686818e-01
  5.09233027e-03  6.48660047e-01  1.19707060e-11]
   Error: 1.2972617705412823e-06

35. Eigenvalue: -0.3538520107746009
   Eigenvector: [-4.43177764e-04 -1.63772894e-02 -2.64947539e-05 -6.94992931e-12
 -1.17192875e-02  9.72937834e-05 -3.08451591e-05  1.12125706e-04
  1.58468123e-05  7.49392300e-05  1.24971180e-02  7.60250809e-01
 -5.05644975e-03 -6.49177309e-01 -1.19499353e-11]
   Error: 7.763163918732883e-07

36. Eigenvalue: -0.3538522854759304
   Eigenvector: [ 4.42430019e-04  1.62750653e-02  2.65034652e-05  6.96683723e-12
  1.17132911e-02 -9.71545717e-05  3.09004612e-05 -1.12208015e-04
 -1.58444611e-05 -7.49709530e-05 -1.23958987e-02 -7.59913264e-01
  5.02869160e-03  6.49577233e-01  1.19338635e-11]
   Error: 4.6456705490547207e-07

37. Eigenvalue: -0.3538524498641209
   Eigenvector: [-4.41851490e-04 -1.61959836e-02 -2.65101987e-05 -6.97991542e-12
 -1.17086501e-02  9.70468609e-05 -3.09432355e-05  1.12271665e-04
  1.58426391e-05  7.49954780e-05  1.23175951e-02  7.59651992e-01
 -5.00721747e-03 -6.49886473e-01 -1.19214283e-11]
   Error: 2.7800792206273223e-07

38. Eigenvalue: -0.35385254823793255
   Eigenvector: [ 4.41403899e-04  1.61348058e-02  2.65154044e-05  6.99003158e-12
  1.17050585e-02 -9.69635263e-05  3.09763211e-05 -1.12320890e-04
 -1.58412277e-05 -7.50144410e-05 -1.22570196e-02 -7.59449786e-01
  4.99060494e-03  6.50125616e-01  1.19118072e-11]
   Error: 1.663663171284638e-07

39. Eigenvalue: -0.3538526071070876
   Eigenvector: [-4.41057620e-04 -1.60874788e-02 -2.65194295e-05 -6.99785671e-12
 -1.17022792e-02  9.68990535e-05 -3.10019130e-05  1.12358961e-04
  1.58401348e-05  7.50291049e-05  1.22101589e-02  7.59293309e-01
 -4.97775349e-03 -6.50310565e-01 -1.19043637e-11]
   Error: 9.95573474446943e-08

40. Eigenvalue: -0.35385264233571806
   Eigenvector: [ 4.40789728e-04  1.60508670e-02  2.65225420e-05  7.00390975e-12
  1.17001288e-02 -9.68491746e-05  3.10217091e-05 -1.12388407e-04
 -1.58392886e-05 -7.50404452e-05 -1.21739079e-02 -7.59172229e-01
  4.96781169e-03  6.50453609e-01  1.18986050e-11]
   Error: 5.957733034997277e-08

41. Eigenvalue: -0.3538526634173151
   Eigenvector: [-4.40582481e-04 -1.60225445e-02 -2.65249491e-05 -7.00859207e-12
 -1.16984649e-02  9.68105869e-05 -3.10370220e-05  1.12411183e-04
  1.58386336e-05  7.50492160e-05  1.21458647e-02  7.59078544e-01
 -4.96012080e-03 -6.50564247e-01 -1.18941500e-11]
   Error: 3.565238982170239e-08

42. Eigenvalue: -0.35385267603300863
   Eigenvector: [ 4.40422153e-04  1.60006347e-02  2.65268108e-05  7.01221409e-12
  1.16971776e-02 -9.67807348e-05  3.10488673e-05 -1.12428800e-04
 -1.58381266e-05 -7.50559996e-05 -1.21241709e-02 -7.59006060e-01
  4.95417123e-03  6.50649825e-01  1.18907034e-11]
   Error: 2.1335174311620187e-08

43. Eigenvalue: -0.3538526835825173
   Eigenvector: [-4.40298122e-04 -1.59836855e-02 -2.65282507e-05 -7.01501594e-12
 -1.16961816e-02  9.67576410e-05 -3.10580302e-05  1.12442427e-04
  1.58377343e-05  7.50612466e-05  1.21073890e-02  7.58949980e-01
 -4.94956873e-03 -6.50716019e-01 -1.18880372e-11]
   Error: 1.2767435632606657e-08

44. Eigenvalue: -0.35385268810030873
   Eigenvector: [ 4.40202172e-04  1.59705740e-02  2.65293645e-05  7.01718335e-12
  1.16954111e-02 -9.67397756e-05  3.10651183e-05 -1.12452968e-04
 -1.58374308e-05 -7.50653052e-05 -1.20944068e-02 -7.58906595e-01
  4.94600831e-03  6.50767222e-01  1.18859746e-11]
   Error: 7.640313365798317e-09

45. Eigenvalue: -0.3538526908038542
   Eigenvector: [-4.40127946e-04 -1.59604311e-02 -2.65302259e-05 -7.01885999e-12
 -1.16948151e-02  9.67259550e-05 -3.10706014e-05  1.12461122e-04
  1.58371959e-05  7.50684445e-05  1.20843640e-02  7.58873030e-01
 -4.94325403e-03 -6.50806830e-01 -1.18843789e-11]
   Error: 4.572130475219507e-09

46. Eigenvalue: -0.35385269242171485
   Eigenvector: [ 4.40070526e-04  1.59525848e-02  2.65308923e-05  7.02015698e-12
  1.16943539e-02 -9.67152636e-05  3.10748429e-05 -1.12467429e-04
 -1.58370142e-05 -7.50708729e-05 -1.20765951e-02 -7.58847063e-01
  4.94112338e-03  6.50837468e-01  1.18831445e-11]
   Error: 2.7360628712162623e-09

47. Eigenvalue: -0.35385269338987807
   Eigenvector: [-4.40026106e-04 -1.59465151e-02 -2.65314077e-05 -7.02116029e-12
 -1.16939972e-02  9.67069928e-05 -3.10781240e-05  1.12472309e-04
  1.58368735e-05  7.50727513e-05  1.20705853e-02  7.58826975e-01
 -4.93947515e-03 -6.50861168e-01 -1.18821896e-11]
   Error: 1.6373200411343865e-09

48. Eigenvalue: -0.3538526939692482
   Eigenvector: [ 4.39991744e-04  1.59418196e-02  2.65318065e-05  7.02193643e-12
  1.16937212e-02 -9.67005946e-05  3.10806622e-05 -1.12476083e-04
 -1.58367648e-05 -7.50742044e-05 -1.20659362e-02 -7.58811435e-01
  4.93820011e-03  6.50879501e-01  1.18814509e-11]
   Error: 9.798078922355977e-10

49. Eigenvalue: -0.35385269431595584
   Eigenvector: [-4.39965162e-04 -1.59381874e-02 -2.65321149e-05 -7.02253683e-12
 -1.16935077e-02  9.66956451e-05 -3.10826256e-05  1.12479003e-04
  1.58366806e-05  7.50753284e-05  1.20623397e-02  7.58799413e-01
 -4.93721376e-03 -6.50893683e-01 -1.18808795e-11]
   Error: 5.863385607976125e-10

-------------------- 14 --------------------
1. Eigenvalue: 3.872983346207417
   Eigenvector: [0.25819889 0.25819889 0.25819889 0.25819889 0.25819889 0.25819889
 0.25819889 0.25819889 0.25819889 0.25819889 0.25819889 0.25819889
 0.25819889 0.25819889 0.25819889]
   Error: 43.414618863471226

2. Eigenvalue: -0.09131246372092121
   Eigenvector: [ 1.37425013e-03  1.88131951e-01 -1.59735270e-05 -8.08993635e-06
  5.39844912e-03 -2.57743268e-04 -1.02010729e-04  1.51383982e-04
 -4.51500072e-06  5.82193982e-05 -1.86282330e-01 -6.22718331e-01
  5.10837407e-02 -7.34497419e-01 -1.07865257e-05]
   Error: 0.6664117169188155

3. Eigenvalue: -0.27372803048570726
   Eigenvector: [-1.37672198e-03 -1.88122843e-01  1.59738868e-05  1.25046582e-10
 -1.10166377e-02  2.56355630e-04  1.01692833e-04 -1.51216543e-04
  4.35985437e-06 -5.82147706e-05  1.86266138e-01  6.22640451e-01
 -5.10845162e-02  7.34507044e-01  1.11330397e-10]
   Error: 1.6012967415054337e-05

4. Eigenvalue: -0.27373241375392915
   Eigenvector: [ 1.37673958e-03  1.88122757e-01 -1.59738867e-05 -3.10968290e-11
  1.10569946e-02 -2.56345632e-04 -1.01690538e-04  1.51215324e-04
 -4.35873880e-06  5.82147315e-05 -1.86266000e-01 -6.22639821e-01
  5.10845159e-02 -7.34507030e-01  2.95944623e-11]
   Error: 8.262932237959613e-10

5. Eigenvalue: -0.2737324139801124
   Eigenvector: [-1.37673971e-03 -1.88122756e-01  1.59738867e-05  3.10956833e-11
 -1.10572845e-02  2.56345560e-04  1.01690521e-04 -1.51215315e-04
  4.35873079e-06 -5.82147312e-05  1.86265999e-01  6.22639816e-01
 -5.10845159e-02  7.34507030e-01 -2.95962624e-11]
   Error: 4.278942613879071e-14

-------------------- 15 --------------------
1. Eigenvalue: 3.872983346207417
   Eigenvector: [0.25819889 0.25819889 0.25819889 0.25819889 0.25819889 0.25819889
 0.25819889 0.25819889 0.25819889 0.25819889 0.25819889 0.25819889
 0.25819889 0.25819889 0.25819889]
   Error: 7495.522891616742

2. Eigenvalue: -0.0005167751706435745
   Eigenvector: [-4.36004041e-04  2.15702384e-03  1.83612327e-08 -1.42945951e-03
 -9.99866571e-01 -2.47695772e-04 -5.68673759e-05  3.02309127e-05
 -2.76247245e-05  9.89371715e-07 -3.41269726e-03 -1.56353145e-02
  7.57508407e-06 -3.80288146e-04 -1.90594865e-03]
   Error: 0.7371854751094218

3. Eigenvalue: -0.001966311302081693
   Eigenvector: [ 4.36005423e-04 -2.15741715e-03  1.90552655e-09  2.31098091e-06
  9.99869408e-01  2.47701838e-04  5.68805095e-05 -3.02105731e-05
  2.76390335e-05 -9.69100660e-07  3.41310006e-03  1.56352683e-02
 -7.10761572e-06  3.80199593e-04  3.46647901e-06]
   Error: 2.837984300702101e-06

4. Eigenvalue: -0.0019663168824581357
   Eigenvector: [-4.36005423e-04  2.15741715e-03 -1.90552573e-09 -3.92319684e-09
 -9.99869408e-01 -2.47701838e-04 -5.68805095e-05  3.02105731e-05
 -2.76390335e-05  9.69100660e-07 -3.41310006e-03 -1.56352683e-02
  7.10761661e-06 -3.80199593e-04 -6.16418783e-09]
   Error: 8.67861567285713e-12

5. Eigenvalue: -0.0019663168824752006
   Eigenvector: [ 4.36005423e-04 -2.15741715e-03  1.90552573e-09  7.07611011e-12
  9.99869408e-01  2.47701838e-04  5.68805095e-05 -3.02105731e-05
  2.76390335e-05 -9.69100660e-07  3.41310006e-03  1.56352683e-02
 -7.10761661e-06  3.80199593e-04  1.04592399e-11]
   Error: 0.0

-------------------- LAMBDA --------------------
 [5.e+10 0.e+00 0.e+00 0.e+00 0.e+00 0.e+00 0.e+00 0.e+00 0.e+00 0.e+00
 0.e+00 0.e+00 0.e+00 0.e+00 0.e+00]

 [0.00000e+00 1.66666e+10 0.00000e+00 0.00000e+00 0.00000e+00 0.00000e+00
 0.00000e+00 0.00000e+00 0.00000e+00 0.00000e+00 0.00000e+00 0.00000e+00
 0.00000e+00 0.00000e+00 0.00000e+00]

 [      0.               0.         -244480.84437434       0.
       0.               0.               0.               0.
       0.               0.               0.               0.
       0.               0.               0.        ]

 [    0.             0.             0.         10136.22809322
     0.             0.             0.             0.
     0.             0.             0.             0.
     0.             0.             0.        ]

 [   0.            0.            0.            0.         4201.35058979
    0.            0.            0.            0.            0.
    0.            0.            0.            0.            0.        ]

 [   0.            0.            0.            0.            0.
 1882.41227032    0.            0.            0.            0.
    0.            0.            0.            0.            0.        ]

 [  0.           0.           0.           0.           0.
   0.         593.93884019   0.           0.           0.
   0.           0.           0.           0.           0.        ]

 [  0.           0.           0.           0.           0.
   0.           0.         193.27852403   0.           0.
   0.           0.           0.           0.           0.        ]

 [ 0.          0.          0.          0.          0.          0.
  0.          0.         -1.80918549  0.          0.          0.
  0.          0.          0.        ]

 [0.         0.         0.         0.         0.         0.
 0.         0.         0.         1.20523688 0.         0.
 0.         0.         0.        ]

 [0.         0.         0.         0.         0.         0.
 0.         0.         0.         0.         0.99997853 0.
 0.         0.         0.        ]

 [ 0.          0.          0.          0.          0.          0.
  0.          0.          0.          0.          0.         -1.00002151
  0.          0.          0.        ]

 [ 0.          0.          0.          0.          0.          0.
  0.          0.          0.          0.          0.          0.
 -0.35385269  0.          0.        ]

 [ 0.          0.          0.          0.          0.          0.
  0.          0.          0.          0.          0.          0.
  0.         -0.27373241  0.        ]

 [ 0.          0.          0.          0.          0.          0.
  0.          0.          0.          0.          0.          0.
  0.          0.         -0.00196632]

-------------------- Q --------------------
[ 1.18816291e-08 -3.10562559e-11  6.77183237e-04  5.37354737e-02
 -2.27222739e-02  4.68409802e-01  7.42992464e-01 -4.74485487e-01
 -1.42820573e-03 -3.06627969e-03 -1.05758664e-07  1.38572437e-06
  4.39944598e-04  1.37673971e-03 -4.36005423e-04]

[ 1.47038762e-08  2.33346023e-12  1.27598049e-03  6.44614313e-02
 -2.89880978e-02  4.74132166e-01  2.37858438e-02  5.19272560e-01
 -4.27250909e-01 -5.30848174e-01  1.94121897e-04  4.92589207e-06
  1.59353775e-02  1.88122756e-01  2.15741715e-03]

[-4.94708478e-19  8.38001948e-21 -6.49540098e-06 -6.63296545e-05
  3.21910791e-05  4.71966788e-05 -1.45090485e-06  3.10684625e-05
  2.61258454e-05  2.33053374e-04  7.07102283e-01 -7.07117548e-01
  2.65323535e-05 -1.59738867e-05 -1.90552573e-09]

[ 7.07106781e-01 -7.07106781e-01  6.33972203e-09 -1.30684143e-08
  2.44383096e-09 -1.78218249e-08 -3.56842346e-10 -1.98737225e-09
  6.30234857e-12 -1.58320694e-11  6.75294955e-15  4.24094576e-15
  7.02300128e-12 -3.10956833e-11 -2.92876724e-13]

[-2.82842728e-11  3.64965869e-21 -3.13646211e-06 -1.39602234e-04
 -9.26022074e-06 -9.77670898e-04 -2.16429522e-04 -3.51096504e-04
 -3.46461931e-05 -1.00890476e-03  1.20381883e-06  9.15760365e-07
  1.16933426e-02  1.10572866e-02 -9.99869408e-01]

[ 1.37620242e-08  3.53837642e-11  1.60132778e-03  6.59557756e-02
 -4.06729773e-02  5.58735287e-01 -6.68106399e-01 -4.85208679e-01
  1.40679122e-03  3.48242050e-03 -6.04689811e-06  4.72170680e-06
 -9.66918162e-05 -2.56345560e-04 -2.47701838e-04]

[ 9.50963157e-09 -3.07161976e-11 -5.19698296e-01  4.10104518e-01
  7.49436187e-01 -3.72835640e-03 -6.52987318e-03 -4.09240634e-03
 -1.04886009e-04  4.90227115e-05 -2.04613552e-08  6.32863536e-09
  3.10841445e-05 -1.01690521e-04 -5.68805095e-05]

[ 1.49229997e-08 -3.69108156e-11 -2.51952974e-01  7.56370116e-01
 -5.89256739e-01 -1.30848126e-01  5.55830634e-03 -6.95100487e-03
  1.04071450e-04 -3.32985949e-05  5.22703566e-05 -5.22602323e-05
 -1.12481261e-04  1.51215315e-04  3.02105731e-05]

[-3.04086200e-10  7.20405928e-11  8.16349839e-01  4.94142137e-01
  2.95425495e-01 -4.57329089e-02 -1.83331766e-03 -5.03870540e-03
 -3.36392662e-05  1.26867890e-06  2.18374814e-05 -2.18363463e-05
 -1.58366155e-05 -4.35873073e-06 -2.76390335e-05]

[-1.89568135e-28  7.90719074e-31  2.65681364e-11 -6.54381998e-09
  7.66207823e-09  2.50724464e-08 -2.44284590e-09  1.60744816e-07
 -1.44392601e-05  2.39611384e-04  7.07111154e-01  7.07096005e-01
 -7.50761979e-05  5.82147312e-05  9.69100660e-07]

[ 1.46944716e-08  2.03647416e-12  1.29187254e-03  6.44127859e-02
 -2.88908957e-02  4.73678949e-01  3.08454674e-02  5.19324429e-01
  4.27210457e-01  5.31632278e-01 -2.41519425e-04  4.21360964e-05
 -1.20595576e-02 -1.86265999e-01 -3.41310006e-03]

[ 8.31609941e-11  3.07469643e-11  1.09527537e-05  3.11870012e-04
 -2.05725161e-04  2.47451571e-03  2.99468368e-04  1.68774792e-03
 -1.46756216e-01 -1.21458142e-01  4.39629043e-05 -2.53398086e-05
 -7.58790113e-01 -6.22639816e-01 -1.56352683e-02]

[-1.52372606e-11 -2.33469633e-11  8.19601242e-06 -5.92092220e-05
 -9.68147815e-05 -5.76892604e-04  1.31377328e-03 -1.61192615e-04
 -7.69308679e-01  6.36810337e-01 -2.58011785e-04 -2.73631271e-05
  4.93645075e-03  5.10845159e-02  7.10761661e-06]

[-1.45704298e-11  3.07465825e-11  6.38024319e-06  7.84059693e-05
 -1.85627177e-04 -1.82169806e-04 -2.68013786e-04 -8.68541019e-04
 -1.46869369e-01 -1.23552372e-01  9.65275502e-05  8.15813041e-05
  6.50904654e-01 -7.34507030e-01 -3.80199593e-04]

[ 7.07106781e-01  7.07106781e-01  6.22076671e-09 -1.30628185e-08
  2.41675867e-09 -1.78345919e-08 -2.90709856e-10 -1.98720926e-09
 -6.28001082e-12  1.57595961e-11 -7.01913033e-15  7.59799082e-17
  1.18804374e-11  2.95962624e-11  3.93837975e-13]
