Solution: 
0.1 0.1 0.1
-0.9837934516690442 2.215666129185426 1.8868127322483619
-2.8680032130073587 -0.7365249490492092 5.0293392794603555
-0.9662928825021482 -0.6390227045415118 1.1417155090205302
-1.142143868553067 -0.7721536224801941 1.198996235896015
-1.2754652856880684 -1.0868990105730303 0.8071046071685501
-1.0642623970333536 -0.5205290409797951 1.5088357701279178
-1.068101472860415 -0.38339172837005964 1.631923859714433
-1.0511546361190298 -0.35198529537741746 1.6384895001244826
-1.0088404453106723 -0.11151149509136979 1.845705431000877
-1.0413858493523367 -0.22475368155252762 1.7588152432082762
-1.0139282533840488 0.34240182913199535 2.2968428554629967
-1.0300630131701862 -0.09433743429658165 1.8973137088748235
-1.0220374163445547 0.057399785524143015 2.0532930993885303
-0.9944001878229906 0.7406037349746221 2.7570674563123445
-1.0247125713139063 0.10912107115548675 2.1079760868186455
-1.0214337911206783 0.1486759010916954 2.150810732308703
-1.0219074224595166 0.2041423038963345 2.207246132880693
-1.0190749417966072 0.2027702169037517 2.2077047541637644
-1.0210250671419803 0.197013264895549 2.2005027682331098
-1.020259126972752 0.19961637817646818 2.203664690635338
-1.0202576887057366 0.19961135403167482 2.203656434261535
-1.0202568482456846 0.19959797448429864 2.2036394385662788
-1.0202573099454386 0.19960537659235178 2.2036488443522617
-1.0202573099871297 0.19960537754443466 2.2036488455574808
-1.0202573099857997 0.1996053775234117 2.203648845530832
-1.0202573099857735 0.19960537752300023 2.203648845530311

Error: 


Convergence rate: Residual: 
2.328385644817487 5.743690881766074 9.385504341438512 0.3299377907613378 0.6481211089575369 1.5609888170537127 0.20765089270621342 0.10285275206836 0.04046812427907908 0.11954342432547245 0.033782158062234134 0.10673800095376089 0.07035507319028482 0.06132320600895187 0.5857166524917152 0.039289082175520344 0.02584185429777326 0.005910298881952165 0.002150486332530269 0.0014317519121363963 1.0942839236965193e-05 4.504057345834325e-06 5.570053777254102e-06 6.709543943318451e-10 1.6131992670434323e-11 3.093604932245245e-13 3.3306690738754696e-16