Solution: 
0.1 0.1
0.46276000851726007 0.07343994889644011
0.3856395478401381 0.005523137432976985
0.39022699233627545 0.03444434088790455
0.3941767806400748 0.03149405312525047
0.39386440225412667 0.03212126718610248
0.39384927961452887 0.032142971592992245
0.39384945326306553 0.03214273838089691
0.3938494528345235 0.032142738944192444
0.393849452834869 0.03214273894374058

Error: 


Convergence rate: Residual: 
0.4373693813966285 0.18007062945978444 0.046336100163575915 0.006314571757028297 0.0008392028866821617 3.0956467449779215e-05 3.470953267196524e-07 8.497530722420673e-10 6.84028948163375e-13 1.1102230246251565e-16