Solution: 
0.1 0.1 0.1
-0.9837934516690442 2.215666129185426 1.8868127322483619
1.3988541069915277 2.013235000531905 -1.2985440833163624
3.1536743075503164 1.7361902197716228 -3.9615422668514286
2.582328297257093 1.9209893684818413 -3.0662094612818596
2.20584340512407 2.0212620301449014 -2.4963386614329286
2.0400953392147403 2.0775484332127023 -2.247726238035601
2.0101934569523583 2.0912123989887674 -2.204150059840739
2.0093697932257197 2.091704703300841 -2.2030086526540806
2.0093692346161585 2.0917051341585604 -2.203007944467116
2.0093692346159324 2.091705134158798 -2.2030079444668806
2.009369234615933 2.091705134158798 -2.2030079444668806
2.009369234615933 2.091705134158798 -2.203007944466881
2.009369234615933 2.091705134158798 -2.203007944466881
2.009369234615933 2.091705134158798 -2.203007944466881
2.009369234615933 2.091705134158798 -2.203007944466881
2.009369234615933 2.091705134158798 -2.203007944466881
2.009369234615933 2.091705134158798 -2.203007944466881
2.009369234615933 2.091705134158798 -2.203007944466881
2.009369234615933 2.091705134158798 -2.203007944466881
2.009369234615933 2.091705134158798 -2.203007944466881
2.009369234615933 2.091705134158798 -2.203007944466881
2.009369234615933 2.091705134158798 -2.203007944466881
2.009369234615933 2.091705134158798 -2.203007944466881
2.009369234615933 2.091705134158798 -2.203007944466881
2.009369234615933 2.091705134158798 -2.203007944466881

Error: 
2.0411309830671374 4.626738350941081 7.602129936898372 6.6115953048957925 5.984650478489483 5.719018149339378 5.673667258897435 5.672504786196954 5.672504081413024 5.6725040814128 5.6725040814128 5.6725040814128 5.6725040814128 5.6725040814128 5.6725040814128 5.6725040814128 5.6725040814128 5.6725040814128 5.6725040814128 5.6725040814128 5.6725040814128 5.6725040814128 5.6725040814128 5.6725040814128 5.6725040814128

Convergence rate: 2.1469424644300172 1.3241672504938944 0.9311765272927852 0.9472544911839272 0.9746250549930632 0.9954344191025591 0.9998819530470747 0.9999999284147073 0.9999999999999772 1.0 1.0 1.0 1.0 1.0 1.0 1.0 1.0 1.0 1.0 1.0 1.0 1.0 1.0 1.0