Solution: 
0.1 0.1
0.46276000851726007 0.07343994889644011
0.3969527820872385 0.035401194638759105
0.3938604085987549 0.03215113668534601
0.39384945293797585 0.03214273904053971
0.39384945283486894 0.03214273894374073
0.39384945283486894 0.03214273894374057
0.39384945283486894 0.03214273894374057
0.39384945283486894 0.03214273894374057
0.39384945283486894 0.03214273894374057
0.39384945283486894 0.03214273894374057

Error: 
0.08033756427931628 0.004499798436042599 1.380401486511683e-05 1.414252845646947e-10 1.734723475976807e-16 1.3877787807814457e-17 1.3877787807814457e-17 1.3877787807814457e-17 1.3877787807814457e-17 1.3877787807814457e-17

Convergence rate: 2.1430434934093734 2.070896629691591 2.0266427818288966 1.6001637693926039 1.0695974898950267 1.0 1.0 1.0 1.0